0001_0050_0043_0018_0018.jpg 1 50 43 18 18
0002_0026_0072_0014_0014.jpg 1 26 72 14 14
0003_0027_0019_0029_0029.jpg 1 27 19 29 29
0004_0010_0031_0053_0053.jpg 1 10 31 53 53
0005_0009_0026_0030_0030.jpg 1 9 26 30 30
0006_0010_0032_0036_0036.jpg 1 10 32 36 36
0007_0031_0029_0060_0060.jpg 1 31 29 60 60
0008_0020_0029_0054_0054.jpg 1 20 29 54 54
0009_0018_0006_0063_0063.jpg 1 18 6 63 63
0010_0005_0023_0067_0067.jpg 1 5 23 67 67
0011_0025_0011_0052_0052.jpg 1 25 11 52 52
0012_0025_0022_0058_0058.jpg 1 25 22 58 58
0013_0014_0017_0033_0033.jpg 1 14 17 33 33
0014_0011_0015_0020_0020.jpg 1 11 15 20 20
0015_0057_0045_0011_0011.jpg 1 57 45 11 11
0016_0053_0049_0023_0023.jpg 1 53 49 23 23
0017_0024_0034_0044_0044.jpg 1 24 34 44 44
0018_0053_0043_0020_0020.jpg 1 53 43 20 20
0019_0039_0024_0051_0051.jpg 1 39 24 51 51
0020_0053_0061_0030_0030.jpg 1 53 61 30 30
0021_0018_0021_0062_0062.jpg 1 18 21 62 62
0022_0026_0060_0024_0024.jpg 1 26 60 24 24
0023_0020_0034_0058_0058.jpg 1 20 34 58 58
0024_0024_0050_0035_0035.jpg 1 24 50 35 35
0025_0061_0038_0015_0015.jpg 1 61 38 15 15
0026_0024_0064_0021_0021.jpg 1 24 64 21 21
0027_0033_0057_0032_0032.jpg 1 33 57 32 32
0028_0030_0009_0040_0040.jpg 1 30 9 40 40
0029_0031_0008_0048_0048.jpg 1 31 8 48 48
0030_0036_0053_0040_0040.jpg 1 36 53 40 40
0031_0019_0028_0068_0068.jpg 1 19 28 68 68
0032_0013_0046_0022_0022.jpg 1 13 46 22 22
0033_0028_0017_0021_0021.jpg 1 28 17 21 21
0034_0017_0018_0025_0025.jpg 1 17 18 25 25
0035_0050_0010_0037_0037.jpg 1 50 10 37 37
0036_0032_0022_0052_0052.jpg 1 32 22 52 52
0037_0021_0013_0039_0039.jpg 1 21 13 39 39
0038_0007_0023_0048_0048.jpg 1 7 23 48 48
0039_0012_0029_0011_0011.jpg 1 12 29 11 11
0040_0028_0018_0056_0056.jpg 1 28 18 56 56
0041_0025_0021_0051_0051.jpg 1 25 21 51 51
0042_0072_0051_0018_0018.jpg 1 72 51 18 18
0043_0003_0012_0062_0062.jpg 1 3 12 62 62
0044_0021_0070_0016_0016.jpg 1 21 70 16 16
0045_0052_0015_0018_0018.jpg 1 52 15 18 18
0046_0046_0034_0033_0033.jpg 1 46 34 33 33
0047_0033_0038_0013_0013.jpg 1 33 38 13 13
0048_0030_0044_0018_0018.jpg 1 30 44 18 18
0049_0020_0034_0059_0059.jpg 1 20 34 59 59
0050_0023_0007_0041_0041.jpg 1 23 7 41 41
0051_0028_0011_0061_0061.jpg 1 28 11 61 61
0052_0012_0024_0054_0054.jpg 1 12 24 54 54
0053_0055_0015_0032_0032.jpg 1 55 15 32 32
0054_0076_0024_0013_0013.jpg 1 76 24 13 13
0055_0033_0022_0021_0021.jpg 1 33 22 21 21
0056_0021_0012_0049_0049.jpg 1 21 12 49 49
0057_0034_0028_0035_0035.jpg 1 34 28 35 35
0058_0007_0019_0048_0048.jpg 1 7 19 48 48
0059_0024_0010_0026_0026.jpg 1 24 10 26 26
0060_0038_0072_0017_0017.jpg 1 38 72 17 17
0061_0041_0030_0052_0052.jpg 1 41 30 52 52
0062_0034_0016_0027_0027.jpg 1 34 16 27 27
0063_0022_0038_0048_0048.jpg 1 22 38 48 48
0064_0009_0046_0044_0044.jpg 1 9 46 44 44
0065_0055_0038_0019_0019.jpg 1 55 38 19 19
0066_0014_0054_0020_0020.jpg 1 14 54 20 20
0067_0013_0031_0046_0046.jpg 1 13 31 46 46
0068_0022_0017_0048_0048.jpg 1 22 17 48 48
0069_0059_0011_0027_0027.jpg 1 59 11 27 27
0070_0022_0013_0064_0064.jpg 1 22 13 64 64
0071_0030_0005_0061_0061.jpg 1 30 5 61 61
0072_0051_0009_0040_0040.jpg 1 51 9 40 40
0073_0055_0043_0037_0037.jpg 1 55 43 37 37
0074_0040_0032_0051_0051.jpg 1 40 32 51 51
0075_0018_0044_0039_0039.jpg 1 18 44 39 39
0076_0045_0044_0031_0031.jpg 1 45 44 31 31
0077_0064_0019_0019_0019.jpg 1 64 19 19 19
0078_0036_0038_0055_0055.jpg 1 36 38 55 55
0079_0024_0011_0066_0066.jpg 1 24 11 66 66
0080_0049_0030_0044_0044.jpg 1 49 30 44 44
0081_0011_0032_0056_0056.jpg 1 11 32 56 56
0082_0021_0017_0060_0060.jpg 1 21 17 60 60
0083_0018_0022_0055_0055.jpg 1 18 22 55 55
0084_0006_0029_0044_0044.jpg 1 6 29 44 44
0085_0005_0014_0059_0059.jpg 1 5 14 59 59
0086_0015_0015_0063_0063.jpg 1 15 15 63 63
0087_0036_0025_0044_0044.jpg 1 36 25 44 44
0088_0060_0021_0019_0019.jpg 1 60 21 19 19
0089_0026_0018_0013_0013.jpg 1 26 18 13 13
0090_0018_0013_0065_0065.jpg 1 18 13 65 65
0091_0014_0008_0052_0052.jpg 1 14 8 52 52
0092_0004_0012_0066_0066.jpg 1 4 12 66 66
0093_0065_0026_0023_0023.jpg 1 65 26 23 23
0094_0012_0043_0051_0051.jpg 1 12 43 51 51
0095_0008_0040_0029_0029.jpg 1 8 40 29 29
0096_0031_0043_0014_0014.jpg 1 31 43 14 14
0097_0025_0010_0065_0065.jpg 1 25 10 65 65
0098_0031_0051_0012_0012.jpg 1 31 51 12 12
0099_0020_0037_0041_0041.jpg 1 20 37 41 41
0100_0015_0066_0015_0015.jpg 1 15 66 15 15
0101_0017_0050_0035_0035.jpg 1 17 50 35 35
0102_0044_0028_0044_0044.jpg 1 44 28 44 44
0103_0072_0015_0010_0010.jpg 1 72 15 10 10
0104_0012_0048_0013_0013.jpg 1 12 48 13 13
0105_0019_0017_0066_0066.jpg 1 19 17 66 66
0106_0030_0029_0035_0035.jpg 1 30 29 35 35
0107_0050_0014_0025_0025.jpg 1 50 14 25 25
0108_0048_0019_0028_0028.jpg 1 48 19 28 28
0109_0031_0036_0013_0013.jpg 1 31 36 13 13
0110_0012_0008_0017_0017.jpg 1 12 8 17 17
0111_0033_0033_0037_0037.jpg 1 33 33 37 37
0112_0011_0028_0027_0027.jpg 1 11 28 27 27
0113_0020_0016_0011_0011.jpg 1 20 16 11 11
0114_0022_0032_0060_0060.jpg 1 22 32 60 60
0115_0026_0040_0051_0051.jpg 1 26 40 51 51
0116_0063_0040_0025_0025.jpg 1 63 40 25 25
0117_0042_0026_0042_0042.jpg 1 42 26 42 42
0118_0012_0011_0031_0031.jpg 1 12 11 31 31
0119_0034_0028_0021_0021.jpg 1 34 28 21 21
0120_0052_0070_0013_0013.jpg 1 52 70 13 13
0121_0034_0035_0058_0058.jpg 1 34 35 58 58
0122_0012_0075_0012_0012.jpg 1 12 75 12 12
0123_0007_0011_0052_0052.jpg 1 7 11 52 52
0124_0010_0018_0022_0022.jpg 1 10 18 22 22
0125_0072_0031_0016_0016.jpg 1 72 31 16 16
0126_0008_0036_0055_0055.jpg 1 8 36 55 55
0127_0017_0021_0043_0043.jpg 1 17 21 43 43
0128_0062_0055_0012_0012.jpg 1 62 55 12 12
0129_0018_0010_0016_0016.jpg 1 18 10 16 16
0130_0027_0012_0039_0039.jpg 1 27 12 39 39
0131_0033_0055_0031_0031.jpg 1 33 55 31 31
0132_0042_0035_0035_0035.jpg 1 42 35 35 35
0133_0073_0051_0014_0014.jpg 1 73 51 14 14
0134_0020_0020_0043_0043.jpg 1 20 20 43 43
0135_0039_0018_0012_0012.jpg 1 39 18 12 12
0136_0009_0014_0068_0068.jpg 1 9 14 68 68
0137_0020_0039_0020_0020.jpg 1 20 39 20 20
0138_0063_0018_0022_0022.jpg 1 63 18 22 22
0139_0075_0034_0015_0015.jpg 1 75 34 15 15
0140_0009_0032_0028_0028.jpg 1 9 32 28 28
0141_0026_0016_0058_0058.jpg 1 26 16 58 58
0142_0046_0049_0034_0034.jpg 1 46 49 34 34
0143_0016_0022_0029_0029.jpg 1 16 22 29 29
0144_0030_0068_0023_0023.jpg 1 30 68 23 23
0145_0032_0049_0033_0033.jpg 1 32 49 33 33
0146_0026_0028_0050_0050.jpg 1 26 28 50 50
0147_0058_0058_0019_0019.jpg 1 58 58 19 19
0148_0025_0028_0048_0048.jpg 1 25 28 48 48
0149_0014_0063_0022_0022.jpg 1 14 63 22 22
0150_0020_0033_0037_0037.jpg 1 20 33 37 37
0151_0026_0015_0049_0049.jpg 1 26 15 49 49
0152_0028_0034_0050_0050.jpg 1 28 34 50 50
0153_0031_0045_0048_0048.jpg 1 31 45 48 48
0154_0040_0031_0046_0046.jpg 1 40 31 46 46
0155_0014_0007_0040_0040.jpg 1 14 7 40 40
0156_0030_0029_0040_0040.jpg 1 30 29 40 40
0157_0015_0061_0020_0020.jpg 1 15 61 20 20
0158_0012_0046_0039_0039.jpg 1 12 46 39 39
0159_0049_0066_0021_0021.jpg 1 49 66 21 21
0160_0035_0005_0051_0051.jpg 1 35 5 51 51
0161_0055_0019_0034_0034.jpg 1 55 19 34 34
0162_0052_0053_0025_0025.jpg 1 52 53 25 25
0163_0011_0020_0051_0051.jpg 1 11 20 51 51
0164_0031_0015_0061_0061.jpg 1 31 15 61 61
0165_0040_0017_0016_0016.jpg 1 40 17 16 16
0166_0059_0009_0022_0022.jpg 1 59 9 22 22
0167_0065_0047_0019_0019.jpg 1 65 47 19 19
0168_0038_0067_0025_0025.jpg 1 38 67 25 25
0169_0008_0027_0065_0065.jpg 1 8 27 65 65
0170_0031_0054_0027_0027.jpg 1 31 54 27 27
0171_0013_0015_0061_0061.jpg 1 13 15 61 61
0172_0013_0005_0062_0062.jpg 1 13 5 62 62
0173_0046_0015_0041_0041.jpg 1 46 15 41 41
0174_0028_0027_0033_0033.jpg 1 28 27 33 33
0175_0037_0024_0051_0051.jpg 1 37 24 51 51
0176_0025_0005_0050_0050.jpg 1 25 5 50 50
0177_0009_0021_0037_0037.jpg 1 9 21 37 37
0178_0020_0030_0056_0056.jpg 1 20 30 56 56
0179_0038_0038_0021_0021.jpg 1 38 38 21 21
0180_0021_0041_0037_0037.jpg 1 21 41 37 37
0181_0023_0030_0044_0044.jpg 1 23 30 44 44
0182_0026_0035_0020_0020.jpg 1 26 35 20 20
0183_0049_0041_0020_0020.jpg 1 49 41 20 20
0184_0024_0023_0014_0014.jpg 1 24 23 14 14
0185_0009_0025_0032_0032.jpg 1 9 25 32 32
0186_0013_0009_0051_0051.jpg 1 13 9 51 51
0187_0015_0027_0049_0049.jpg 1 15 27 49 49
0188_0064_0047_0013_0013.jpg 1 64 47 13 13
0189_0012_0041_0045_0045.jpg 1 12 41 45 45
0190_0010_0012_0068_0068.jpg 1 10 12 68 68
0191_0019_0015_0066_0066.jpg 1 19 15 66 66
0192_0052_0009_0019_0019.jpg 1 52 9 19 19
0193_0026_0042_0041_0041.jpg 1 26 42 41 41
0194_0005_0020_0060_0060.jpg 1 5 20 60 60
0195_0061_0028_0028_0028.jpg 1 61 28 28 28
0196_0033_0033_0060_0060.jpg 1 33 33 60 60
0197_0026_0029_0046_0046.jpg 1 26 29 46 46
0198_0030_0023_0064_0064.jpg 1 30 23 64 64
0199_0003_0024_0067_0067.jpg 1 3 24 67 67
0200_0010_0061_0028_0028.jpg 1 10 61 28 28
0201_0068_0025_0011_0011.jpg 1 68 25 11 11
0202_0019_0073_0014_0014.jpg 1 19 73 14 14
0203_0016_0016_0058_0058.jpg 1 16 16 58 58
0204_0019_0013_0032_0032.jpg 1 19 13 32 32
0205_0006_0020_0065_0065.jpg 1 6 20 65 65
0206_0011_0025_0066_0066.jpg 1 11 25 66 66
0207_0067_0026_0020_0020.jpg 1 67 26 20 20
0208_0036_0033_0048_0048.jpg 1 36 33 48 48
0209_0049_0049_0013_0013.jpg 1 49 49 13 13
0210_0045_0044_0027_0027.jpg 1 45 44 27 27
0211_0010_0033_0010_0010.jpg 1 10 33 10 10
0212_0010_0010_0063_0063.jpg 1 10 10 63 63
0213_0034_0015_0024_0024.jpg 1 34 15 24 24
0214_0005_0038_0057_0057.jpg 1 5 38 57 57
0215_0066_0047_0013_0013.jpg 1 66 47 13 13
0216_0067_0061_0025_0025.jpg 1 67 61 25 25
0217_0012_0016_0060_0060.jpg 1 12 16 60 60
0218_0009_0017_0057_0057.jpg 1 9 17 57 57
0219_0032_0042_0018_0018.jpg 1 32 42 18 18
0220_0021_0016_0061_0061.jpg 1 21 16 61 61
0221_0062_0041_0025_0025.jpg 1 62 41 25 25
0222_0041_0016_0047_0047.jpg 1 41 16 47 47
0223_0019_0035_0057_0057.jpg 1 19 35 57 57
0224_0044_0010_0043_0043.jpg 1 44 10 43 43
0225_0034_0025_0056_0056.jpg 1 34 25 56 56
0226_0046_0035_0038_0038.jpg 1 46 35 38 38
0227_0033_0012_0062_0062.jpg 1 33 12 62 62
0228_0009_0010_0053_0053.jpg 1 9 10 53 53
0229_0031_0025_0056_0056.jpg 1 31 25 56 56
0230_0024_0040_0049_0049.jpg 1 24 40 49 49
0231_0023_0043_0050_0050.jpg 1 23 43 50 50
0232_0049_0032_0023_0023.jpg 1 49 32 23 23
0233_0015_0016_0068_0068.jpg 1 15 16 68 68
0234_0036_0042_0032_0032.jpg 1 36 42 32 32
0235_0050_0058_0010_0010.jpg 1 50 58 10 10
0236_0027_0029_0051_0051.jpg 1 27 29 51 51
0237_0036_0038_0017_0017.jpg 1 36 38 17 17
0238_0017_0027_0065_0065.jpg 1 17 27 65 65
0239_0016_0027_0038_0038.jpg 1 16 27 38 38
0240_0011_0025_0068_0068.jpg 1 11 25 68 68
0241_0026_0015_0043_0043.jpg 1 26 15 43 43
0242_0021_0043_0037_0037.jpg 1 21 43 37 37
0243_0008_0026_0042_0042.jpg 1 8 26 42 42
0244_0033_0059_0025_0025.jpg 1 33 59 25 25
0245_0013_0066_0010_0010.jpg 1 13 66 10 10
0246_0066_0040_0024_0024.jpg 1 66 40 24 24
0247_0020_0049_0028_0028.jpg 1 20 49 28 28
0248_0024_0011_0039_0039.jpg 1 24 11 39 39
0249_0044_0035_0032_0032.jpg 1 44 35 32 32
0250_0047_0014_0046_0046.jpg 1 47 14 46 46
0251_0020_0025_0058_0058.jpg 1 20 25 58 58
0252_0007_0039_0033_0033.jpg 1 7 39 33 33
0253_0028_0055_0018_0018.jpg 1 28 55 18 18
0254_0006_0007_0067_0067.jpg 1 6 7 67 67
0255_0034_0016_0043_0043.jpg 1 34 16 43 43
0256_0037_0054_0033_0033.jpg 1 37 54 33 33
0257_0044_0016_0023_0023.jpg 1 44 16 23 23
0258_0028_0016_0055_0055.jpg 1 28 16 55 55
0259_0022_0009_0010_0010.jpg 1 22 9 10 10
0260_0022_0043_0027_0027.jpg 1 22 43 27 27
0261_0012_0018_0065_0065.jpg 1 12 18 65 65
0262_0071_0052_0018_0018.jpg 1 71 52 18 18
0263_0014_0015_0058_0058.jpg 1 14 15 58 58
0264_0048_0072_0016_0016.jpg 1 48 72 16 16
0265_0045_0043_0047_0047.jpg 1 45 43 47 47
0266_0037_0025_0047_0047.jpg 1 37 25 47 47
0267_0030_0040_0054_0054.jpg 1 30 40 54 54
0268_0056_0015_0036_0036.jpg 1 56 15 36 36
0269_0022_0009_0056_0056.jpg 1 22 9 56 56
0270_0059_0027_0028_0028.jpg 1 59 27 28 28
0271_0029_0025_0057_0057.jpg 1 29 25 57 57
0272_0027_0042_0036_0036.jpg 1 27 42 36 36
0273_0053_0059_0014_0014.jpg 1 53 59 14 14
0274_0044_0045_0024_0024.jpg 1 44 45 24 24
0275_0009_0013_0058_0058.jpg 1 9 13 58 58
0276_0016_0026_0037_0037.jpg 1 16 26 37 37
0277_0008_0017_0060_0060.jpg 1 8 17 60 60
0278_0063_0029_0023_0023.jpg 1 63 29 23 23
0279_0052_0030_0038_0038.jpg 1 52 30 38 38
0280_0024_0068_0015_0015.jpg 1 24 68 15 15
0281_0026_0043_0046_0046.jpg 1 26 43 46 46
0282_0011_0032_0045_0045.jpg 1 11 32 45 45
0283_0012_0044_0036_0036.jpg 1 12 44 36 36
0284_0014_0032_0057_0057.jpg 1 14 32 57 57
0285_0037_0070_0013_0013.jpg 1 37 70 13 13
0286_0037_0017_0036_0036.jpg 1 37 17 36 36
0287_0027_0005_0066_0066.jpg 1 27 5 66 66
0288_0043_0018_0030_0030.jpg 1 43 18 30 30
0289_0025_0023_0014_0014.jpg 1 25 23 14 14
0290_0011_0043_0051_0051.jpg 1 11 43 51 51
0291_0037_0038_0049_0049.jpg 1 37 38 49 49
0292_0042_0017_0033_0033.jpg 1 42 17 33 33
0293_0060_0009_0014_0014.jpg 1 60 9 14 14
0294_0019_0012_0051_0051.jpg 1 19 12 51 51
0295_0026_0011_0018_0018.jpg 1 26 11 18 18
0296_0036_0034_0048_0048.jpg 1 36 34 48 48
0297_0049_0016_0016_0016.jpg 1 49 16 16 16
0298_0021_0008_0060_0060.jpg 1 21 8 60 60
0299_0055_0012_0013_0013.jpg 1 55 12 13 13
0300_0022_0042_0024_0024.jpg 1 22 42 24 24
0301_0048_0047_0035_0035.jpg 1 48 47 35 35
0302_0036_0018_0056_0056.jpg 1 36 18 56 56
0303_0030_0029_0065_0065.jpg 1 30 29 65 65
0304_0040_0055_0034_0034.jpg 1 40 55 34 34
0305_0009_0032_0049_0049.jpg 1 9 32 49 49
0306_0052_0020_0040_0040.jpg 1 52 20 40 40
0307_0015_0033_0011_0011.jpg 1 15 33 11 11
0308_0034_0028_0029_0029.jpg 1 34 28 29 29
0309_0043_0055_0022_0022.jpg 1 43 55 22 22
0310_0028_0036_0050_0050.jpg 1 28 36 50 50
0311_0017_0019_0016_0016.jpg 1 17 19 16 16
0312_0053_0015_0030_0030.jpg 1 53 15 30 30
0313_0053_0019_0033_0033.jpg 1 53 19 33 33
0314_0012_0021_0022_0022.jpg 1 12 21 22 22
0315_0044_0024_0036_0036.jpg 1 44 24 36 36
0316_0031_0041_0030_0030.jpg 1 31 41 30 30
0317_0023_0062_0012_0012.jpg 1 23 62 12 12
0318_0037_0017_0024_0024.jpg 1 37 17 24 24
0319_0062_0043_0019_0019.jpg 1 62 43 19 19
0320_0029_0045_0032_0032.jpg 1 29 45 32 32
0321_0043_0044_0041_0041.jpg 1 43 44 41 41
0322_0031_0028_0064_0064.jpg 1 31 28 64 64
0323_0049_0011_0019_0019.jpg 1 49 11 19 19
0324_0060_0031_0019_0019.jpg 1 60 31 19 19
0325_0020_0040_0044_0044.jpg 1 20 40 44 44
0326_0016_0008_0023_0023.jpg 1 16 8 23 23
0327_0039_0036_0019_0019.jpg 1 39 36 19 19
0328_0051_0061_0026_0026.jpg 1 51 61 26 26
0329_0030_0016_0012_0012.jpg 1 30 16 12 12
0330_0052_0034_0015_0015.jpg 1 52 34 15 15
0331_0021_0030_0057_0057.jpg 1 21 30 57 57
0332_0030_0031_0064_0064.jpg 1 30 31 64 64
0333_0012_0016_0055_0055.jpg 1 12 16 55 55
0334_0034_0027_0061_0061.jpg 1 34 27 61 61
0335_0020_0031_0064_0064.jpg 1 20 31 64 64
0336_0030_0011_0057_0057.jpg 1 30 11 57 57
0337_0045_0030_0039_0039.jpg 1 45 30 39 39
0338_0022_0055_0018_0018.jpg 1 22 55 18 18
0339_0032_0016_0047_0047.jpg 1 32 16 47 47
0340_0021_0018_0067_0067.jpg 1 21 18 67 67
0341_0027_0030_0064_0064.jpg 1 27 30 64 64
0342_0014_0004_0066_0066.jpg 1 14 4 66 66
0343_0035_0029_0050_0050.jpg 1 35 29 50 50
0344_0072_0034_0017_0017.jpg 1 72 34 17 17
0345_0050_0041_0043_0043.jpg 1 50 41 43 43
0346_0036_0074_0017_0017.jpg 1 36 74 17 17
0347_0040_0009_0046_0046.jpg 1 40 9 46 46
0348_0035_0014_0050_0050.jpg 1 35 14 50 50
0349_0019_0014_0015_0015.jpg 1 19 14 15 15
0350_0043_0033_0025_0025.jpg 1 43 33 25 25
0351_0023_0031_0028_0028.jpg 1 23 31 28 28
0352_0065_0046_0024_0024.jpg 1 65 46 24 24
0353_0024_0037_0025_0025.jpg 1 24 37 25 25
0354_0012_0022_0060_0060.jpg 1 12 22 60 60
0355_0060_0021_0032_0032.jpg 1 60 21 32 32
0356_0028_0036_0049_0049.jpg 1 28 36 49 49
0357_0035_0033_0059_0059.jpg 1 35 33 59 59
0358_0046_0011_0045_0045.jpg 1 46 11 45 45
0359_0025_0015_0032_0032.jpg 1 25 15 32 32
0360_0013_0028_0030_0030.jpg 1 13 28 30 30
0361_0033_0012_0018_0018.jpg 1 33 12 18 18
0362_0036_0043_0024_0024.jpg 1 36 43 24 24
0363_0031_0022_0058_0058.jpg 1 31 22 58 58
0364_0018_0010_0061_0061.jpg 1 18 10 61 61
0365_0043_0008_0015_0015.jpg 1 43 8 15 15
0366_0036_0011_0013_0013.jpg 1 36 11 13 13
0367_0019_0006_0061_0061.jpg 1 19 6 61 61
0368_0043_0009_0032_0032.jpg 1 43 9 32 32
0369_0066_0021_0020_0020.jpg 1 66 21 20 20
0370_0051_0039_0034_0034.jpg 1 51 39 34 34
0371_0012_0028_0017_0017.jpg 1 12 28 17 17
0372_0012_0048_0041_0041.jpg 1 12 48 41 41
0373_0009_0047_0010_0010.jpg 1 9 47 10 10
0374_0038_0027_0029_0029.jpg 1 38 27 29 29
0375_0019_0022_0060_0060.jpg 1 19 22 60 60
0376_0025_0036_0059_0059.jpg 1 25 36 59 59
0377_0025_0036_0056_0056.jpg 1 25 36 56 56
0378_0069_0064_0021_0021.jpg 1 69 64 21 21
0379_0047_0076_0010_0010.jpg 1 47 76 10 10
0380_0013_0010_0043_0043.jpg 1 13 10 43 43
0381_0008_0049_0039_0039.jpg 1 8 49 39 39
0382_0026_0018_0062_0062.jpg 1 26 18 62 62
0383_0016_0025_0061_0061.jpg 1 16 25 61 61
0384_0037_0008_0057_0057.jpg 1 37 8 57 57
0385_0047_0037_0039_0039.jpg 1 47 37 39 39
0386_0034_0005_0057_0057.jpg 1 34 5 57 57
0387_0013_0004_0068_0068.jpg 1 13 4 68 68
0388_0020_0007_0069_0069.jpg 1 20 7 69 69
0389_0022_0052_0025_0025.jpg 1 22 52 25 25
0390_0026_0012_0062_0062.jpg 1 26 12 62 62
0391_0048_0056_0033_0033.jpg 1 48 56 33 33
0392_0007_0013_0059_0059.jpg 1 7 13 59 59
0393_0013_0015_0054_0054.jpg 1 13 15 54 54
0394_0028_0016_0062_0062.jpg 1 28 16 62 62
0395_0042_0023_0039_0039.jpg 1 42 23 39 39
0396_0040_0047_0025_0025.jpg 1 40 47 25 25
0397_0028_0046_0033_0033.jpg 1 28 46 33 33
0398_0016_0016_0034_0034.jpg 1 16 16 34 34
0399_0049_0057_0035_0035.jpg 1 49 57 35 35
0400_0021_0048_0019_0019.jpg 1 21 48 19 19
0401_0025_0038_0048_0048.jpg 1 25 38 48 48
0402_0045_0032_0021_0021.jpg 1 45 32 21 21
0403_0031_0034_0028_0028.jpg 1 31 34 28 28
0404_0040_0051_0041_0041.jpg 1 40 51 41 41
0405_0015_0008_0036_0036.jpg 1 15 8 36 36
0406_0040_0031_0016_0016.jpg 1 40 31 16 16
0407_0019_0012_0058_0058.jpg 1 19 12 58 58
0408_0032_0061_0031_0031.jpg 1 32 61 31 31
0409_0024_0013_0055_0055.jpg 1 24 13 55 55
0410_0006_0046_0040_0040.jpg 1 6 46 40 40
0411_0044_0021_0032_0032.jpg 1 44 21 32 32
0412_0039_0024_0054_0054.jpg 1 39 24 54 54
0413_0065_0046_0010_0010.jpg 1 65 46 10 10
0414_0027_0030_0061_0061.jpg 1 27 30 61 61
0415_0043_0052_0041_0041.jpg 1 43 52 41 41
0416_0015_0021_0061_0061.jpg 1 15 21 61 61
0417_0013_0010_0066_0066.jpg 1 13 10 66 66
0418_0024_0040_0017_0017.jpg 1 24 40 17 17
0419_0008_0027_0036_0036.jpg 1 8 27 36 36
0420_0025_0025_0026_0026.jpg 1 25 25 26 26
0421_0023_0028_0043_0043.jpg 1 23 28 43 43
0422_0027_0030_0063_0063.jpg 1 27 30 63 63
0423_0030_0031_0054_0054.jpg 1 30 31 54 54
0424_0025_0051_0030_0030.jpg 1 25 51 30 30
0425_0029_0010_0044_0044.jpg 1 29 10 44 44
0426_0047_0043_0035_0035.jpg 1 47 43 35 35
0427_0041_0018_0046_0046.jpg 1 41 18 46 46
0428_0015_0035_0059_0059.jpg 1 15 35 59 59
0429_0018_0012_0066_0066.jpg 1 18 12 66 66
0430_0016_0036_0058_0058.jpg 1 16 36 58 58
0431_0028_0054_0017_0017.jpg 1 28 54 17 17
0432_0022_0045_0024_0024.jpg 1 22 45 24 24
0433_0017_0014_0059_0059.jpg 1 17 14 59 59
0434_0025_0052_0017_0017.jpg 1 25 52 17 17
0435_0024_0026_0068_0068.jpg 1 24 26 68 68
0436_0030_0057_0019_0019.jpg 1 30 57 19 19
0437_0067_0038_0010_0010.jpg 1 67 38 10 10
0438_0015_0041_0015_0015.jpg 1 15 41 15 15
0439_0009_0008_0055_0055.jpg 1 9 8 55 55
0440_0020_0007_0061_0061.jpg 1 20 7 61 61
0441_0054_0022_0031_0031.jpg 1 54 22 31 31
0442_0034_0028_0040_0040.jpg 1 34 28 40 40
0443_0057_0041_0022_0022.jpg 1 57 41 22 22
0444_0013_0040_0053_0053.jpg 1 13 40 53 53
0445_0020_0014_0056_0056.jpg 1 20 14 56 56
0446_0029_0036_0035_0035.jpg 1 29 36 35 35
0447_0016_0024_0025_0025.jpg 1 16 24 25 25
0448_0007_0014_0067_0067.jpg 1 7 14 67 67
0449_0017_0038_0044_0044.jpg 1 17 38 44 44
0450_0071_0037_0021_0021.jpg 1 71 37 21 21
0451_0055_0050_0030_0030.jpg 1 55 50 30 30
0452_0043_0045_0046_0046.jpg 1 43 45 46 46
0453_0009_0030_0059_0059.jpg 1 9 30 59 59
0454_0005_0010_0059_0059.jpg 1 5 10 59 59
0455_0065_0040_0019_0019.jpg 1 65 40 19 19
0456_0039_0051_0021_0021.jpg 1 39 51 21 21
0457_0036_0015_0056_0056.jpg 1 36 15 56 56
0458_0015_0023_0051_0051.jpg 1 15 23 51 51
0459_0015_0037_0050_0050.jpg 1 15 37 50 50
0460_0025_0015_0021_0021.jpg 1 25 15 21 21
0461_0018_0060_0030_0030.jpg 1 18 60 30 30
0462_0048_0042_0036_0036.jpg 1 48 42 36 36
0463_0014_0020_0035_0035.jpg 1 14 20 35 35
0464_0017_0041_0045_0045.jpg 1 17 41 45 45
0465_0025_0034_0032_0032.jpg 1 25 34 32 32
0466_0028_0011_0063_0063.jpg 1 28 11 63 63
0467_0026_0009_0030_0030.jpg 1 26 9 30 30
0468_0045_0065_0020_0020.jpg 1 45 65 20 20
0469_0036_0029_0056_0056.jpg 1 36 29 56 56
0470_0034_0024_0041_0041.jpg 1 34 24 41 41
0471_0055_0009_0029_0029.jpg 1 55 9 29 29
0472_0021_0007_0049_0049.jpg 1 21 7 49 49
0473_0047_0029_0045_0045.jpg 1 47 29 45 45
0474_0016_0055_0029_0029.jpg 1 16 55 29 29
0475_0042_0068_0023_0023.jpg 1 42 68 23 23
0476_0043_0039_0033_0033.jpg 1 43 39 33 33
0477_0045_0038_0046_0046.jpg 1 45 38 46 46
0478_0012_0021_0055_0055.jpg 1 12 21 55 55
0479_0024_0015_0063_0063.jpg 1 24 15 63 63
0480_0026_0051_0033_0033.jpg 1 26 51 33 33
0481_0014_0010_0068_0068.jpg 1 14 10 68 68
0482_0052_0072_0011_0011.jpg 1 52 72 11 11
0483_0041_0045_0015_0015.jpg 1 41 45 15 15
0484_0050_0023_0026_0026.jpg 1 50 23 26 26
0485_0049_0006_0042_0042.jpg 1 49 6 42 42
0486_0050_0055_0037_0037.jpg 1 50 55 37 37
0487_0019_0028_0029_0029.jpg 1 19 28 29 29
0488_0036_0006_0058_0058.jpg 1 36 6 58 58
0489_0016_0038_0050_0050.jpg 1 16 38 50 50
0490_0018_0044_0043_0043.jpg 1 18 44 43 43
0491_0058_0012_0021_0021.jpg 1 58 12 21 21
