0001_0016_0015_0057_0057.jpg 1 16 15 57 57
0002_0012_0031_0057_0057.jpg 1 12 31 57 57
0003_0020_0008_0024_0024.jpg 1 20 8 24 24
0004_0036_0008_0026_0026.jpg 1 36 8 26 26
0005_0017_0020_0067_0067.jpg 1 17 20 67 67
0006_0015_0024_0068_0068.jpg 1 15 24 68 68
0007_0011_0006_0065_0065.jpg 1 11 6 65 65
0008_0033_0029_0060_0060.jpg 1 33 29 60 60
0009_0023_0027_0061_0061.jpg 1 23 27 61 61
0010_0030_0028_0065_0065.jpg 1 30 28 65 65
0011_0058_0018_0010_0010.jpg 1 58 18 10 10
0012_0029_0008_0046_0046.jpg 1 29 8 46 46
0013_0027_0014_0066_0066.jpg 1 27 14 66 66
0014_0053_0056_0018_0018.jpg 1 53 56 18 18
0015_0021_0025_0068_0068.jpg 1 21 25 68 68
0016_0007_0005_0059_0059.jpg 1 7 5 59 59
0017_0030_0021_0022_0022.jpg 1 30 21 22 22
0018_0039_0041_0028_0028.jpg 1 39 41 28 28
0019_0030_0008_0055_0055.jpg 1 30 8 55 55
0020_0052_0067_0013_0013.jpg 1 52 67 13 13
0021_0033_0005_0049_0049.jpg 1 33 5 49 49
0022_0034_0039_0023_0023.jpg 1 34 39 23 23
0023_0032_0066_0013_0013.jpg 1 32 66 13 13
0024_0022_0043_0034_0034.jpg 1 22 43 34 34
0025_0023_0035_0050_0050.jpg 1 23 35 50 50
0026_0065_0011_0017_0017.jpg 1 65 11 17 17
0027_0046_0045_0016_0016.jpg 1 46 45 16 16
0028_0025_0030_0011_0011.jpg 1 25 30 11 11
0029_0025_0052_0034_0034.jpg 1 25 52 34 34
0030_0014_0028_0053_0053.jpg 1 14 28 53 53
0031_0025_0017_0054_0054.jpg 1 25 17 54 54
0032_0021_0022_0045_0045.jpg 1 21 22 45 45
0033_0054_0014_0037_0037.jpg 1 54 14 37 37
0034_0007_0032_0055_0055.jpg 1 7 32 55 55
0035_0017_0013_0059_0059.jpg 1 17 13 59 59
0036_0040_0022_0042_0042.jpg 1 40 22 42 42
0037_0021_0009_0036_0036.jpg 1 21 9 36 36
0038_0027_0019_0051_0051.jpg 1 27 19 51 51
0039_0044_0045_0019_0019.jpg 1 44 45 19 19
0040_0015_0013_0052_0052.jpg 1 15 13 52 52
0041_0045_0063_0028_0028.jpg 1 45 63 28 28
0042_0012_0029_0066_0066.jpg 1 12 29 66 66
0043_0027_0029_0036_0036.jpg 1 27 29 36 36
0044_0042_0033_0016_0016.jpg 1 42 33 16 16
0045_0019_0021_0066_0066.jpg 1 19 21 66 66
0046_0039_0042_0051_0051.jpg 1 39 42 51 51
0047_0021_0020_0060_0060.jpg 1 21 20 60 60
0048_0017_0042_0034_0034.jpg 1 17 42 34 34
0049_0036_0029_0052_0052.jpg 1 36 29 52 52
0050_0026_0017_0067_0067.jpg 1 26 17 67 67
0051_0009_0016_0066_0066.jpg 1 9 16 66 66
0052_0019_0020_0029_0029.jpg 1 19 20 29 29
0053_0050_0050_0028_0028.jpg 1 50 50 28 28
0054_0053_0010_0023_0023.jpg 1 53 10 23 23
0055_0024_0010_0066_0066.jpg 1 24 10 66 66
0056_0022_0042_0032_0032.jpg 1 22 42 32 32
0057_0039_0035_0029_0029.jpg 1 39 35 29 29
0058_0023_0022_0060_0060.jpg 1 23 22 60 60
0059_0023_0020_0039_0039.jpg 1 23 20 39 39
0060_0023_0058_0015_0015.jpg 1 23 58 15 15
0061_0022_0032_0017_0017.jpg 1 22 32 17 17
0062_0023_0039_0026_0026.jpg 1 23 39 26 26
0063_0013_0016_0064_0064.jpg 1 13 16 64 64
0064_0049_0044_0042_0042.jpg 1 49 44 42 42
0065_0033_0054_0029_0029.jpg 1 33 54 29 29
0066_0037_0036_0036_0036.jpg 1 37 36 36 36
0067_0021_0012_0034_0034.jpg 1 21 12 34 34
0068_0048_0044_0014_0014.jpg 1 48 44 14 14
0069_0034_0008_0028_0028.jpg 1 34 8 28 28
0070_0010_0028_0017_0017.jpg 1 10 28 17 17
0071_0056_0009_0014_0014.jpg 1 56 9 14 14
0072_0014_0026_0029_0029.jpg 1 14 26 29 29
0073_0012_0015_0055_0055.jpg 1 12 15 55 55
0074_0029_0026_0057_0057.jpg 1 29 26 57 57
0075_0043_0010_0031_0031.jpg 1 43 10 31 31
0076_0018_0027_0021_0021.jpg 1 18 27 21 21
0077_0039_0022_0043_0043.jpg 1 39 22 43 43
0078_0069_0009_0014_0014.jpg 1 69 9 14 14
0079_0064_0015_0023_0023.jpg 1 64 15 23 23
0080_0035_0041_0049_0049.jpg 1 35 41 49 49
0081_0026_0009_0062_0062.jpg 1 26 9 62 62
0082_0011_0031_0035_0035.jpg 1 11 31 35 35
0083_0005_0030_0053_0053.jpg 1 5 30 53 53
0084_0037_0005_0055_0055.jpg 1 37 5 55 55
0085_0009_0045_0030_0030.jpg 1 9 45 30 30
0086_0016_0044_0048_0048.jpg 1 16 44 48 48
0087_0008_0024_0050_0050.jpg 1 8 24 50 50
0088_0043_0013_0049_0049.jpg 1 43 13 49 49
0089_0010_0035_0039_0039.jpg 1 10 35 39 39
0090_0023_0024_0069_0069.jpg 1 23 24 69 69
0091_0036_0043_0037_0037.jpg 1 36 43 37 37
0092_0006_0014_0059_0059.jpg 1 6 14 59 59
0093_0006_0009_0059_0059.jpg 1 6 9 59 59
0094_0027_0022_0067_0067.jpg 1 27 22 67 67
0095_0051_0012_0026_0026.jpg 1 51 12 26 26
0096_0074_0025_0017_0017.jpg 1 74 25 17 17
0097_0037_0018_0011_0011.jpg 1 37 18 11 11
0098_0006_0043_0046_0046.jpg 1 6 43 46 46
0099_0026_0010_0050_0050.jpg 1 26 10 50 50
0100_0004_0006_0064_0064.jpg 1 4 6 64 64
0101_0028_0038_0031_0031.jpg 1 28 38 31 31
0102_0040_0052_0022_0022.jpg 1 40 52 22 22
0103_0026_0046_0043_0043.jpg 1 26 46 43 43
0104_0040_0013_0015_0015.jpg 1 40 13 15 15
0105_0065_0039_0020_0020.jpg 1 65 39 20 20
0106_0043_0061_0021_0021.jpg 1 43 61 21 21
0107_0032_0022_0022_0022.jpg 1 32 22 22 22
0108_0016_0033_0061_0061.jpg 1 16 33 61 61
0109_0007_0022_0051_0051.jpg 1 7 22 51 51
0110_0005_0021_0065_0065.jpg 1 5 21 65 65
0111_0048_0055_0018_0018.jpg 1 48 55 18 18
0112_0007_0005_0054_0054.jpg 1 7 5 54 54
0113_0025_0008_0039_0039.jpg 1 25 8 39 39
0114_0073_0033_0012_0012.jpg 1 73 33 12 12
0115_0048_0007_0033_0033.jpg 1 48 7 33 33
0116_0046_0018_0045_0045.jpg 1 46 18 45 45
0117_0010_0005_0066_0066.jpg 1 10 5 66 66
0118_0068_0023_0019_0019.jpg 1 68 23 19 19
0119_0025_0038_0039_0039.jpg 1 25 38 39 39
0120_0046_0028_0027_0027.jpg 1 46 28 27 27
0121_0004_0008_0063_0063.jpg 1 4 8 63 63
0122_0004_0019_0061_0061.jpg 1 4 19 61 61
0123_0022_0034_0048_0048.jpg 1 22 34 48 48
0124_0031_0026_0030_0030.jpg 1 31 26 30 30
0125_0047_0034_0029_0029.jpg 1 47 34 29 29
0126_0022_0021_0023_0023.jpg 1 22 21 23 23
0127_0033_0030_0047_0047.jpg 1 33 30 47 47
0128_0034_0013_0041_0041.jpg 1 34 13 41 41
0129_0044_0028_0039_0039.jpg 1 44 28 39 39
0130_0024_0020_0058_0058.jpg 1 24 20 58 58
0131_0042_0053_0030_0030.jpg 1 42 53 30 30
0132_0027_0026_0066_0066.jpg 1 27 26 66 66
0133_0015_0019_0067_0067.jpg 1 15 19 67 67
0134_0013_0012_0027_0027.jpg 1 13 12 27 27
0135_0028_0073_0018_0018.jpg 1 28 73 18 18
0136_0018_0008_0019_0019.jpg 1 18 8 19 19
0137_0038_0039_0035_0035.jpg 1 38 39 35 35
0138_0007_0036_0028_0028.jpg 1 7 36 28 28
0139_0058_0037_0019_0019.jpg 1 58 37 19 19
0140_0015_0026_0047_0047.jpg 1 15 26 47 47
0141_0012_0025_0012_0012.jpg 1 12 25 12 12
0142_0035_0052_0016_0016.jpg 1 35 52 16 16
0143_0032_0011_0056_0056.jpg 1 32 11 56 56
0144_0026_0049_0044_0044.jpg 1 26 49 44 44
0145_0027_0014_0046_0046.jpg 1 27 14 46 46
0146_0032_0026_0059_0059.jpg 1 32 26 59 59
0147_0037_0042_0048_0048.jpg 1 37 42 48 48
0148_0039_0053_0035_0035.jpg 1 39 53 35 35
0149_0016_0026_0044_0044.jpg 1 16 26 44 44
0150_0051_0047_0040_0040.jpg 1 51 47 40 40
0151_0006_0014_0066_0066.jpg 1 6 14 66 66
0152_0030_0005_0051_0051.jpg 1 30 5 51 51
0153_0060_0010_0031_0031.jpg 1 60 10 31 31
0154_0006_0030_0050_0050.jpg 1 6 30 50 50
0155_0053_0063_0018_0018.jpg 1 53 63 18 18
0156_0006_0027_0061_0061.jpg 1 6 27 61 61
0157_0036_0034_0056_0056.jpg 1 36 34 56 56
0158_0008_0038_0021_0021.jpg 1 8 38 21 21
0159_0049_0006_0041_0041.jpg 1 49 6 41 41
0160_0023_0015_0064_0064.jpg 1 23 15 64 64
0161_0032_0015_0040_0040.jpg 1 32 15 40 40
0162_0038_0016_0012_0012.jpg 1 38 16 12 12
0163_0066_0042_0023_0023.jpg 1 66 42 23 23
0164_0013_0009_0047_0047.jpg 1 13 9 47 47
0165_0026_0052_0020_0020.jpg 1 26 52 20 20
0166_0036_0012_0023_0023.jpg 1 36 12 23 23
0167_0014_0022_0061_0061.jpg 1 14 22 61 61
0168_0014_0028_0066_0066.jpg 1 14 28 66 66
0169_0020_0030_0018_0018.jpg 1 20 30 18 18
0170_0072_0017_0013_0013.jpg 1 72 17 13 13
0171_0007_0004_0064_0064.jpg 1 7 4 64 64
0172_0018_0015_0058_0058.jpg 1 18 15 58 58
0173_0028_0006_0066_0066.jpg 1 28 6 66 66
0174_0005_0020_0050_0050.jpg 1 5 20 50 50
0175_0070_0072_0016_0016.jpg 1 70 72 16 16
0176_0015_0039_0026_0026.jpg 1 15 39 26 26
0177_0036_0057_0031_0031.jpg 1 36 57 31 31
0178_0006_0029_0067_0067.jpg 1 6 29 67 67
0179_0043_0012_0048_0048.jpg 1 43 12 48 48
0180_0023_0014_0059_0059.jpg 1 23 14 59 59
0181_0052_0044_0031_0031.jpg 1 52 44 31 31
0182_0004_0015_0054_0054.jpg 1 4 15 54 54
0183_0041_0045_0029_0029.jpg 1 41 45 29 29
0184_0034_0009_0057_0057.jpg 1 34 9 57 57
0185_0039_0011_0025_0025.jpg 1 39 11 25 25
0186_0063_0009_0027_0027.jpg 1 63 9 27 27
0187_0017_0023_0066_0066.jpg 1 17 23 66 66
0188_0029_0042_0037_0037.jpg 1 29 42 37 37
0189_0011_0011_0027_0027.jpg 1 11 11 27 27
0190_0024_0010_0069_0069.jpg 1 24 10 69 69
0191_0015_0020_0044_0044.jpg 1 15 20 44 44
0192_0045_0038_0044_0044.jpg 1 45 38 44 44
0193_0030_0023_0063_0063.jpg 1 30 23 63 63
0194_0033_0016_0054_0054.jpg 1 33 16 54 54
0195_0027_0021_0030_0030.jpg 1 27 21 30 30
0196_0030_0025_0033_0033.jpg 1 30 25 33 33
0197_0056_0031_0015_0015.jpg 1 56 31 15 15
0198_0025_0022_0066_0066.jpg 1 25 22 66 66
0199_0040_0045_0036_0036.jpg 1 40 45 36 36
0200_0044_0021_0045_0045.jpg 1 44 21 45 45
0201_0023_0017_0066_0066.jpg 1 23 17 66 66
0202_0056_0031_0021_0021.jpg 1 56 31 21 21
0203_0056_0029_0033_0033.jpg 1 56 29 33 33
0204_0006_0027_0060_0060.jpg 1 6 27 60 60
0205_0023_0044_0048_0048.jpg 1 23 44 48 48
0206_0006_0008_0040_0040.jpg 1 6 8 40 40
0207_0014_0009_0046_0046.jpg 1 14 9 46 46
0208_0011_0012_0016_0016.jpg 1 11 12 16 16
0209_0032_0029_0047_0047.jpg 1 32 29 47 47
0210_0029_0040_0047_0047.jpg 1 29 40 47 47
0211_0008_0016_0063_0063.jpg 1 8 16 63 63
0212_0017_0028_0024_0024.jpg 1 17 28 24 24
0213_0048_0052_0037_0037.jpg 1 48 52 37 37
0214_0014_0020_0068_0068.jpg 1 14 20 68 68
0215_0016_0016_0030_0030.jpg 1 16 16 30 30
0216_0034_0065_0017_0017.jpg 1 34 65 17 17
0217_0012_0026_0069_0069.jpg 1 12 26 69 69
0218_0038_0048_0011_0011.jpg 1 38 48 11 11
0219_0032_0046_0036_0036.jpg 1 32 46 36 36
0220_0056_0049_0027_0027.jpg 1 56 49 27 27
0221_0035_0030_0059_0059.jpg 1 35 30 59 59
0222_0057_0057_0015_0015.jpg 1 57 57 15 15
0223_0031_0025_0060_0060.jpg 1 31 25 60 60
0224_0023_0057_0032_0032.jpg 1 23 57 32 32
0225_0019_0037_0056_0056.jpg 1 19 37 56 56
0226_0013_0026_0036_0036.jpg 1 13 26 36 36
0227_0018_0032_0059_0059.jpg 1 18 32 59 59
0228_0034_0012_0061_0061.jpg 1 34 12 61 61
0229_0016_0017_0069_0069.jpg 1 16 17 69 69
0230_0062_0022_0027_0027.jpg 1 62 22 27 27
0231_0055_0027_0027_0027.jpg 1 55 27 27 27
0232_0041_0027_0036_0036.jpg 1 41 27 36 36
0233_0012_0007_0069_0069.jpg 1 12 7 69 69
0234_0039_0032_0052_0052.jpg 1 39 32 52 52
0235_0037_0010_0027_0027.jpg 1 37 10 27 27
0236_0019_0053_0024_0024.jpg 1 19 53 24 24
0237_0046_0036_0022_0022.jpg 1 46 36 22 22
0238_0007_0054_0037_0037.jpg 1 7 54 37 37
0239_0023_0065_0018_0018.jpg 1 23 65 18 18
0240_0037_0011_0056_0056.jpg 1 37 11 56 56
0241_0072_0037_0016_0016.jpg 1 72 37 16 16
0242_0037_0048_0024_0024.jpg 1 37 48 24 24
0243_0008_0022_0046_0046.jpg 1 8 22 46 46
0244_0024_0015_0021_0021.jpg 1 24 15 21 21
0245_0027_0067_0022_0022.jpg 1 27 67 22 22
0246_0056_0061_0031_0031.jpg 1 56 61 31 31
0247_0005_0022_0064_0064.jpg 1 5 22 64 64
0248_0043_0051_0016_0016.jpg 1 43 51 16 16
0249_0068_0011_0022_0022.jpg 1 68 11 22 22
0250_0007_0011_0043_0043.jpg 1 7 11 43 43
0251_0011_0020_0032_0032.jpg 1 11 20 32 32
0252_0031_0031_0051_0051.jpg 1 31 31 51 51
0253_0042_0049_0026_0026.jpg 1 42 49 26 26
0254_0022_0040_0051_0051.jpg 1 22 40 51 51
0255_0064_0013_0026_0026.jpg 1 64 13 26 26
0256_0034_0006_0060_0060.jpg 1 34 6 60 60
0257_0026_0019_0062_0062.jpg 1 26 19 62 62
0258_0020_0014_0061_0061.jpg 1 20 14 61 61
0259_0016_0053_0040_0040.jpg 1 16 53 40 40
0260_0021_0014_0054_0054.jpg 1 21 14 54 54
0261_0030_0042_0032_0032.jpg 1 30 42 32 32
0262_0034_0022_0035_0035.jpg 1 34 22 35 35
0263_0013_0022_0018_0018.jpg 1 13 22 18 18
0264_0033_0020_0047_0047.jpg 1 33 20 47 47
0265_0019_0012_0069_0069.jpg 1 19 12 69 69
0266_0060_0018_0020_0020.jpg 1 60 18 20 20
0267_0057_0047_0023_0023.jpg 1 57 47 23 23
0268_0022_0052_0041_0041.jpg 1 22 52 41 41
0269_0032_0032_0022_0022.jpg 1 32 32 22 22
0270_0043_0016_0026_0026.jpg 1 43 16 26 26
0271_0037_0014_0058_0058.jpg 1 37 14 58 58
0272_0046_0067_0016_0016.jpg 1 46 67 16 16
0273_0008_0019_0069_0069.jpg 1 8 19 69 69
0274_0061_0062_0018_0018.jpg 1 61 62 18 18
0275_0028_0059_0030_0030.jpg 1 28 59 30 30
0276_0070_0056_0016_0016.jpg 1 70 56 16 16
0277_0033_0013_0051_0051.jpg 1 33 13 51 51
0278_0053_0033_0032_0032.jpg 1 53 33 32 32
0279_0029_0007_0066_0066.jpg 1 29 7 66 66
0280_0006_0008_0060_0060.jpg 1 6 8 60 60
0281_0024_0025_0050_0050.jpg 1 24 25 50 50
0282_0033_0029_0034_0034.jpg 1 33 29 34 34
0283_0017_0017_0060_0060.jpg 1 17 17 60 60
0284_0031_0034_0054_0054.jpg 1 31 34 54 54
0285_0026_0019_0066_0066.jpg 1 26 19 66 66
0286_0031_0030_0060_0060.jpg 1 31 30 60 60
0287_0034_0051_0036_0036.jpg 1 34 51 36 36
0288_0014_0057_0010_0010.jpg 1 14 57 10 10
0289_0035_0020_0054_0054.jpg 1 35 20 54 54
0290_0011_0062_0029_0029.jpg 1 11 62 29 29
0291_0010_0018_0067_0067.jpg 1 10 18 67 67
0292_0014_0041_0033_0033.jpg 1 14 41 33 33
0293_0025_0036_0032_0032.jpg 1 25 36 32 32
0294_0026_0031_0053_0053.jpg 1 26 31 53 53
0295_0025_0027_0010_0010.jpg 1 25 27 10 10
0296_0052_0020_0038_0038.jpg 1 52 20 38 38
0297_0044_0016_0050_0050.jpg 1 44 16 50 50
0298_0061_0033_0026_0026.jpg 1 61 33 26 26
0299_0034_0032_0037_0037.jpg 1 34 32 37 37
0300_0026_0038_0048_0048.jpg 1 26 38 48 48
0301_0025_0043_0047_0047.jpg 1 25 43 47 47
0302_0021_0023_0019_0019.jpg 1 21 23 19 19
0303_0043_0051_0034_0034.jpg 1 43 51 34 34
0304_0031_0026_0051_0051.jpg 1 31 26 51 51
0305_0058_0031_0023_0023.jpg 1 58 31 23 23
0306_0027_0077_0014_0014.jpg 1 27 77 14 14
0307_0073_0015_0016_0016.jpg 1 73 15 16 16
0308_0033_0009_0058_0058.jpg 1 33 9 58 58
0309_0012_0007_0047_0047.jpg 1 12 7 47 47
0310_0019_0030_0053_0053.jpg 1 19 30 53 53
0311_0037_0033_0040_0040.jpg 1 37 33 40 40
0312_0025_0005_0058_0058.jpg 1 25 5 58 58
0313_0048_0050_0038_0038.jpg 1 48 50 38 38
0314_0015_0010_0068_0068.jpg 1 15 10 68 68
0315_0040_0010_0047_0047.jpg 1 40 10 47 47
0316_0021_0030_0050_0050.jpg 1 21 30 50 50
0317_0024_0018_0037_0037.jpg 1 24 18 37 37
0318_0004_0017_0055_0055.jpg 1 4 17 55 55
0319_0028_0034_0021_0021.jpg 1 28 34 21 21
0320_0017_0027_0037_0037.jpg 1 17 27 37 37
0321_0027_0016_0051_0051.jpg 1 27 16 51 51
0322_0056_0029_0016_0016.jpg 1 56 29 16 16
0323_0048_0011_0034_0034.jpg 1 48 11 34 34
0324_0009_0018_0016_0016.jpg 1 9 18 16 16
0325_0017_0005_0069_0069.jpg 1 17 5 69 69
0326_0036_0029_0043_0043.jpg 1 36 29 43 43
0327_0035_0029_0012_0012.jpg 1 35 29 12 12
0328_0045_0060_0023_0023.jpg 1 45 60 23 23
0329_0071_0012_0020_0020.jpg 1 71 12 20 20
0330_0065_0022_0022_0022.jpg 1 65 22 22 22
0331_0012_0019_0059_0059.jpg 1 12 19 59 59
0332_0028_0032_0060_0060.jpg 1 28 32 60 60
0333_0024_0013_0024_0024.jpg 1 24 13 24 24
0334_0034_0014_0050_0050.jpg 1 34 14 50 50
0335_0055_0008_0027_0027.jpg 1 55 8 27 27
0336_0007_0061_0028_0028.jpg 1 7 61 28 28
0337_0030_0013_0054_0054.jpg 1 30 13 54 54
0338_0019_0029_0033_0033.jpg 1 19 29 33 33
0339_0039_0040_0052_0052.jpg 1 39 40 52 52
0340_0022_0040_0022_0022.jpg 1 22 40 22 22
0341_0006_0023_0065_0065.jpg 1 6 23 65 65
0342_0064_0007_0028_0028.jpg 1 64 7 28 28
0343_0023_0041_0040_0040.jpg 1 23 41 40 40
0344_0018_0008_0066_0066.jpg 1 18 8 66 66
0345_0013_0048_0042_0042.jpg 1 13 48 42 42
0346_0006_0006_0048_0048.jpg 1 6 6 48 48
0347_0024_0046_0040_0040.jpg 1 24 46 40 40
0348_0048_0008_0028_0028.jpg 1 48 8 28 28
0349_0042_0029_0049_0049.jpg 1 42 29 49 49
0350_0016_0013_0065_0065.jpg 1 16 13 65 65
0351_0007_0022_0068_0068.jpg 1 7 22 68 68
0352_0030_0022_0054_0054.jpg 1 30 22 54 54
0353_0050_0039_0023_0023.jpg 1 50 39 23 23
0354_0040_0035_0013_0013.jpg 1 40 35 13 13
0355_0021_0045_0043_0043.jpg 1 21 45 43 43
0356_0032_0040_0040_0040.jpg 1 32 40 40 40
0357_0046_0020_0038_0038.jpg 1 46 20 38 38
0358_0056_0069_0013_0013.jpg 1 56 69 13 13
0359_0027_0029_0037_0037.jpg 1 27 29 37 37
0360_0012_0021_0051_0051.jpg 1 12 21 51 51
0361_0022_0025_0045_0045.jpg 1 22 25 45 45
0362_0014_0023_0049_0049.jpg 1 14 23 49 49
0363_0031_0027_0055_0055.jpg 1 31 27 55 55
0364_0018_0034_0019_0019.jpg 1 18 34 19 19
0365_0073_0058_0010_0010.jpg 1 73 58 10 10
0366_0044_0014_0034_0034.jpg 1 44 14 34 34
0367_0020_0041_0013_0013.jpg 1 20 41 13 13
0368_0033_0040_0033_0033.jpg 1 33 40 33 33
0369_0009_0018_0053_0053.jpg 1 9 18 53 53
0370_0067_0042_0016_0016.jpg 1 67 42 16 16
0371_0019_0023_0017_0017.jpg 1 19 23 17 17
0372_0025_0022_0063_0063.jpg 1 25 22 63 63
0373_0037_0013_0057_0057.jpg 1 37 13 57 57
0374_0036_0021_0033_0033.jpg 1 36 21 33 33
0375_0035_0023_0049_0049.jpg 1 35 23 49 49
0376_0013_0019_0069_0069.jpg 1 13 19 69 69
0377_0043_0012_0022_0022.jpg 1 43 12 22 22
0378_0008_0018_0040_0040.jpg 1 8 18 40 40
0379_0028_0042_0023_0023.jpg 1 28 42 23 23
0380_0015_0028_0056_0056.jpg 1 15 28 56 56
0381_0019_0004_0068_0068.jpg 1 19 4 68 68
0382_0006_0015_0058_0058.jpg 1 6 15 58 58
0383_0060_0044_0031_0031.jpg 1 60 44 31 31
0384_0012_0021_0063_0063.jpg 1 12 21 63 63
0385_0066_0011_0018_0018.jpg 1 66 11 18 18
0386_0041_0022_0034_0034.jpg 1 41 22 34 34
0387_0019_0017_0059_0059.jpg 1 19 17 59 59
0388_0030_0018_0040_0040.jpg 1 30 18 40 40
0389_0007_0021_0058_0058.jpg 1 7 21 58 58
0390_0046_0005_0044_0044.jpg 1 46 5 44 44
0391_0021_0007_0039_0039.jpg 1 21 7 39 39
0392_0031_0015_0035_0035.jpg 1 31 15 35 35
0393_0006_0036_0045_0045.jpg 1 6 36 45 45
0394_0028_0010_0065_0065.jpg 1 28 10 65 65
0395_0067_0067_0024_0024.jpg 1 67 67 24 24
0396_0033_0006_0053_0053.jpg 1 33 6 53 53
0397_0047_0043_0042_0042.jpg 1 47 43 42 42
0398_0030_0041_0033_0033.jpg 1 30 41 33 33
0399_0073_0022_0016_0016.jpg 1 73 22 16 16
0400_0019_0027_0053_0053.jpg 1 19 27 53 53
0401_0028_0030_0035_0035.jpg 1 28 30 35 35
0402_0015_0034_0013_0013.jpg 1 15 34 13 13
0403_0012_0034_0043_0043.jpg 1 12 34 43 43
0404_0013_0020_0049_0049.jpg 1 13 20 49 49
0405_0009_0038_0032_0032.jpg 1 9 38 32 32
0406_0006_0039_0047_0047.jpg 1 6 39 47 47
0407_0028_0012_0046_0046.jpg 1 28 12 46 46
0408_0040_0046_0047_0047.jpg 1 40 46 47 47
0409_0030_0040_0018_0018.jpg 1 30 40 18 18
0410_0023_0018_0046_0046.jpg 1 23 18 46 46
0411_0056_0022_0022_0022.jpg 1 56 22 22 22
0412_0017_0009_0063_0063.jpg 1 17 9 63 63
0413_0038_0071_0011_0011.jpg 1 38 71 11 11
0414_0068_0013_0023_0023.jpg 1 68 13 23 23
0415_0040_0067_0020_0020.jpg 1 40 67 20 20
0416_0010_0053_0027_0027.jpg 1 10 53 27 27
0417_0055_0049_0011_0011.jpg 1 55 49 11 11
0418_0023_0020_0065_0065.jpg 1 23 20 65 65
0419_0045_0016_0037_0037.jpg 1 45 16 37 37
0420_0033_0031_0063_0063.jpg 1 33 31 63 63
0421_0008_0065_0024_0024.jpg 1 8 65 24 24
0422_0032_0023_0061_0061.jpg 1 32 23 61 61
0423_0033_0010_0048_0048.jpg 1 33 10 48 48
0424_0063_0009_0018_0018.jpg 1 63 9 18 18
0425_0022_0027_0019_0019.jpg 1 22 27 19 19
0426_0057_0016_0016_0016.jpg 1 57 16 16 16
0427_0021_0007_0057_0057.jpg 1 21 7 57 57
0428_0051_0049_0018_0018.jpg 1 51 49 18 18
0429_0014_0016_0064_0064.jpg 1 14 16 64 64
0430_0012_0027_0038_0038.jpg 1 12 27 38 38
0431_0022_0007_0050_0050.jpg 1 22 7 50 50
0432_0017_0047_0037_0037.jpg 1 17 47 37 37
0433_0020_0025_0051_0051.jpg 1 20 25 51 51
0434_0050_0043_0032_0032.jpg 1 50 43 32 32
0435_0036_0030_0034_0034.jpg 1 36 30 34 34
0436_0021_0021_0060_0060.jpg 1 21 21 60 60
0437_0014_0045_0036_0036.jpg 1 14 45 36 36
0438_0006_0023_0045_0045.jpg 1 6 23 45 45
0439_0005_0015_0060_0060.jpg 1 5 15 60 60
0440_0015_0006_0067_0067.jpg 1 15 6 67 67
0441_0009_0021_0066_0066.jpg 1 9 21 66 66
0442_0029_0057_0013_0013.jpg 1 29 57 13 13
0443_0045_0068_0013_0013.jpg 1 45 68 13 13
0444_0010_0015_0055_0055.jpg 1 10 15 55 55
0445_0027_0023_0064_0064.jpg 1 27 23 64 64
0446_0028_0022_0043_0043.jpg 1 28 22 43 43
0447_0041_0011_0040_0040.jpg 1 41 11 40 40
0448_0009_0007_0052_0052.jpg 1 9 7 52 52
0449_0013_0019_0067_0067.jpg 1 13 19 67 67
0450_0050_0047_0033_0033.jpg 1 50 47 33 33
0451_0031_0028_0057_0057.jpg 1 31 28 57 57
0452_0022_0030_0052_0052.jpg 1 22 30 52 52
0453_0006_0024_0059_0059.jpg 1 6 24 59 59
0454_0050_0062_0013_0013.jpg 1 50 62 13 13
0455_0030_0033_0059_0059.jpg 1 30 33 59 59
0456_0003_0022_0069_0069.jpg 1 3 22 69 69
0457_0043_0040_0043_0043.jpg 1 43 40 43 43
0458_0033_0054_0023_0023.jpg 1 33 54 23 23
0459_0026_0057_0036_0036.jpg 1 26 57 36 36
0460_0015_0023_0066_0066.jpg 1 15 23 66 66
0461_0008_0034_0061_0061.jpg 1 8 34 61 61
0462_0013_0059_0020_0020.jpg 1 13 59 20 20
0463_0045_0044_0027_0027.jpg 1 45 44 27 27
0464_0057_0019_0031_0031.jpg 1 57 19 31 31
0465_0079_0009_0010_0010.jpg 1 79 9 10 10
0466_0030_0057_0033_0033.jpg 1 30 57 33 33
0467_0028_0016_0061_0061.jpg 1 28 16 61 61
0468_0016_0051_0027_0027.jpg 1 16 51 27 27
0469_0040_0009_0046_0046.jpg 1 40 9 46 46
0470_0006_0038_0040_0040.jpg 1 6 38 40 40
0471_0077_0071_0010_0010.jpg 1 77 71 10 10
0472_0009_0031_0052_0052.jpg 1 9 31 52 52
0473_0052_0040_0032_0032.jpg 1 52 40 32 32
0474_0053_0024_0037_0037.jpg 1 53 24 37 37
0475_0052_0049_0011_0011.jpg 1 52 49 11 11
0476_0008_0030_0054_0054.jpg 1 8 30 54 54
0477_0021_0041_0050_0050.jpg 1 21 41 50 50
0478_0024_0039_0051_0051.jpg 1 24 39 51 51
0479_0063_0051_0027_0027.jpg 1 63 51 27 27
0480_0009_0052_0039_0039.jpg 1 9 52 39 39
0481_0018_0028_0067_0067.jpg 1 18 28 67 67
0482_0012_0022_0054_0054.jpg 1 12 22 54 54
0483_0043_0038_0026_0026.jpg 1 43 38 26 26
0484_0019_0006_0063_0063.jpg 1 19 6 63 63
0485_0004_0006_0056_0056.jpg 1 4 6 56 56
0486_0027_0022_0054_0054.jpg 1 27 22 54 54
0487_0059_0048_0032_0032.jpg 1 59 48 32 32
0488_0011_0066_0016_0016.jpg 1 11 66 16 16
0489_0043_0030_0032_0032.jpg 1 43 30 32 32
0490_0040_0044_0037_0037.jpg 1 40 44 37 37
0491_0035_0036_0022_0022.jpg 1 35 36 22 22
