0001_0010_0011_0037_0037.jpg 1 10 11 37 37
0002_0039_0036_0040_0040.jpg 1 39 36 40 40
0003_0044_0027_0021_0021.jpg 1 44 27 21 21
0004_0031_0014_0060_0060.jpg 1 31 14 60 60
0005_0011_0072_0017_0017.jpg 1 11 72 17 17
0006_0042_0059_0016_0016.jpg 1 42 59 16 16
0007_0034_0014_0020_0020.jpg 1 34 14 20 20
0008_0016_0034_0054_0054.jpg 1 16 34 54 54
0009_0010_0020_0036_0036.jpg 1 10 20 36 36
0010_0064_0029_0019_0019.jpg 1 64 29 19 19
0011_0016_0040_0043_0043.jpg 1 16 40 43 43
0012_0038_0026_0029_0029.jpg 1 38 26 29 29
0013_0070_0012_0018_0018.jpg 1 70 12 18 18
0014_0027_0031_0039_0039.jpg 1 27 31 39 39
0015_0031_0021_0034_0034.jpg 1 31 21 34 34
0016_0023_0009_0048_0048.jpg 1 23 9 48 48
0017_0026_0011_0042_0042.jpg 1 26 11 42 42
0018_0013_0015_0065_0065.jpg 1 13 15 65 65
0019_0037_0028_0040_0040.jpg 1 37 28 40 40
0020_0006_0021_0068_0068.jpg 1 6 21 68 68
0021_0010_0049_0030_0030.jpg 1 10 49 30 30
0022_0029_0006_0063_0063.jpg 1 29 6 63 63
0023_0021_0017_0061_0061.jpg 1 21 17 61 61
0024_0060_0037_0032_0032.jpg 1 60 37 32 32
0025_0048_0014_0045_0045.jpg 1 48 14 45 45
0026_0023_0063_0023_0023.jpg 1 23 63 23 23
0027_0036_0038_0037_0037.jpg 1 36 38 37 37
0028_0029_0023_0066_0066.jpg 1 29 23 66 66
0029_0008_0073_0018_0018.jpg 1 8 73 18 18
0030_0023_0031_0054_0054.jpg 1 23 31 54 54
0031_0021_0016_0019_0019.jpg 1 21 16 19 19
0032_0059_0009_0033_0033.jpg 1 59 9 33 33
0033_0033_0027_0060_0060.jpg 1 33 27 60 60
0034_0078_0065_0011_0011.jpg 1 78 65 11 11
0035_0022_0007_0063_0063.jpg 1 22 7 63 63
0036_0009_0007_0066_0066.jpg 1 9 7 66 66
0037_0057_0055_0023_0023.jpg 1 57 55 23 23
0038_0035_0033_0034_0034.jpg 1 35 33 34 34
0039_0047_0054_0019_0019.jpg 1 47 54 19 19
0040_0023_0035_0024_0024.jpg 1 23 35 24 24
0041_0020_0020_0066_0066.jpg 1 20 20 66 66
0042_0005_0035_0057_0057.jpg 1 5 35 57 57
0043_0011_0027_0052_0052.jpg 1 11 27 52 52
0044_0022_0049_0033_0033.jpg 1 22 49 33 33
0045_0018_0039_0041_0041.jpg 1 18 39 41 41
0046_0035_0015_0034_0034.jpg 1 35 15 34 34
0047_0049_0047_0028_0028.jpg 1 49 47 28 28
0048_0019_0011_0052_0052.jpg 1 19 11 52 52
0049_0058_0040_0030_0030.jpg 1 58 40 30 30
0050_0035_0017_0052_0052.jpg 1 35 17 52 52
0051_0052_0022_0036_0036.jpg 1 52 22 36 36
0052_0010_0044_0016_0016.jpg 1 10 44 16 16
0053_0024_0031_0054_0054.jpg 1 24 31 54 54
0054_0010_0065_0011_0011.jpg 1 10 65 11 11
0055_0040_0055_0028_0028.jpg 1 40 55 28 28
0056_0016_0041_0053_0053.jpg 1 16 41 53 53
0057_0022_0032_0063_0063.jpg 1 22 32 63 63
0058_0027_0012_0046_0046.jpg 1 27 12 46 46
0059_0039_0017_0039_0039.jpg 1 39 17 39 39
0060_0043_0026_0046_0046.jpg 1 43 26 46 46
0061_0016_0034_0056_0056.jpg 1 16 34 56 56
0062_0022_0011_0046_0046.jpg 1 22 11 46 46
0063_0006_0019_0058_0058.jpg 1 6 19 58 58
0064_0044_0027_0020_0020.jpg 1 44 27 20 20
0065_0026_0006_0046_0046.jpg 1 26 6 46 46
0066_0015_0029_0056_0056.jpg 1 15 29 56 56
0067_0026_0043_0048_0048.jpg 1 26 43 48 48
0068_0047_0014_0039_0039.jpg 1 47 14 39 39
0069_0023_0007_0066_0066.jpg 1 23 7 66 66
0070_0036_0007_0040_0040.jpg 1 36 7 40 40
0071_0044_0033_0051_0051.jpg 1 44 33 51 51
0072_0007_0013_0032_0032.jpg 1 7 13 32 32
0073_0042_0039_0050_0050.jpg 1 42 39 50 50
0074_0032_0005_0057_0057.jpg 1 32 5 57 57
0075_0056_0009_0026_0026.jpg 1 56 9 26 26
0076_0041_0057_0015_0015.jpg 1 41 57 15 15
0077_0043_0019_0021_0021.jpg 1 43 19 21 21
0078_0013_0026_0053_0053.jpg 1 13 26 53 53
0079_0017_0037_0035_0035.jpg 1 17 37 35 35
0080_0032_0027_0031_0031.jpg 1 32 27 31 31
0081_0023_0026_0031_0031.jpg 1 23 26 31 31
0082_0043_0013_0050_0050.jpg 1 43 13 50 50
0083_0021_0026_0048_0048.jpg 1 21 26 48 48
0084_0047_0020_0040_0040.jpg 1 47 20 40 40
0085_0012_0015_0065_0065.jpg 1 12 15 65 65
0086_0035_0006_0051_0051.jpg 1 35 6 51 51
0087_0018_0025_0026_0026.jpg 1 18 25 26 26
0088_0040_0063_0015_0015.jpg 1 40 63 15 15
0089_0015_0035_0014_0014.jpg 1 15 35 14 14
0090_0022_0018_0026_0026.jpg 1 22 18 26 26
0091_0071_0066_0016_0016.jpg 1 71 66 16 16
0092_0009_0015_0066_0066.jpg 1 9 15 66 66
0093_0034_0062_0010_0010.jpg 1 34 62 10 10
0094_0008_0027_0057_0057.jpg 1 8 27 57 57
0095_0015_0021_0062_0062.jpg 1 15 21 62 62
0096_0011_0041_0039_0039.jpg 1 11 41 39 39
0097_0054_0045_0014_0014.jpg 1 54 45 14 14
0098_0048_0053_0018_0018.jpg 1 48 53 18 18
0099_0028_0031_0059_0059.jpg 1 28 31 59 59
0100_0030_0015_0057_0057.jpg 1 30 15 57 57
0101_0038_0070_0011_0011.jpg 1 38 70 11 11
0102_0023_0036_0057_0057.jpg 1 23 36 57 57
0103_0008_0058_0027_0027.jpg 1 8 58 27 27
0104_0044_0042_0037_0037.jpg 1 44 42 37 37
0105_0029_0014_0063_0063.jpg 1 29 14 63 63
0106_0007_0025_0057_0057.jpg 1 7 25 57 57
0107_0005_0024_0062_0062.jpg 1 5 24 62 62
0108_0008_0025_0014_0014.jpg 1 8 25 14 14
0109_0020_0038_0026_0026.jpg 1 20 38 26 26
0110_0024_0020_0050_0050.jpg 1 24 20 50 50
0111_0032_0026_0043_0043.jpg 1 32 26 43 43
0112_0023_0006_0066_0066.jpg 1 23 6 66 66
0113_0018_0039_0049_0049.jpg 1 18 39 49 49
0114_0042_0033_0039_0039.jpg 1 42 33 39 39
0115_0009_0008_0034_0034.jpg 1 9 8 34 34
0116_0036_0006_0051_0051.jpg 1 36 6 51 51
0117_0021_0043_0030_0030.jpg 1 21 43 30 30
0118_0008_0021_0068_0068.jpg 1 8 21 68 68
0119_0058_0014_0030_0030.jpg 1 58 14 30 30
0120_0029_0020_0064_0064.jpg 1 29 20 64 64
0121_0012_0006_0068_0068.jpg 1 12 6 68 68
0122_0006_0013_0061_0061.jpg 1 6 13 61 61
0123_0015_0010_0062_0062.jpg 1 15 10 62 62
0124_0010_0012_0061_0061.jpg 1 10 12 61 61
0125_0044_0045_0040_0040.jpg 1 44 45 40 40
0126_0033_0027_0014_0014.jpg 1 33 27 14 14
0127_0006_0016_0058_0058.jpg 1 6 16 58 58
0128_0077_0033_0012_0012.jpg 1 77 33 12 12
0129_0040_0038_0038_0038.jpg 1 40 38 38 38
0130_0026_0013_0060_0060.jpg 1 26 13 60 60
0131_0007_0014_0052_0052.jpg 1 7 14 52 52
0132_0032_0020_0056_0056.jpg 1 32 20 56 56
0133_0024_0022_0049_0049.jpg 1 24 22 49 49
0134_0018_0017_0068_0068.jpg 1 18 17 68 68
0135_0044_0028_0020_0020.jpg 1 44 28 20 20
0136_0015_0004_0066_0066.jpg 1 15 4 66 66
0137_0013_0013_0031_0031.jpg 1 13 13 31 31
0138_0017_0018_0034_0034.jpg 1 17 18 34 34
0139_0036_0023_0040_0040.jpg 1 36 23 40 40
0140_0009_0004_0062_0062.jpg 1 9 4 62 62
0141_0018_0024_0049_0049.jpg 1 18 24 49 49
0142_0011_0009_0036_0036.jpg 1 11 9 36 36
0143_0050_0028_0044_0044.jpg 1 50 28 44 44
0144_0012_0060_0023_0023.jpg 1 12 60 23 23
0145_0059_0077_0011_0011.jpg 1 59 77 11 11
0146_0039_0037_0047_0047.jpg 1 39 37 47 47
0147_0043_0070_0013_0013.jpg 1 43 70 13 13
0148_0016_0018_0066_0066.jpg 1 16 18 66 66
0149_0037_0016_0028_0028.jpg 1 37 16 28 28
0150_0038_0051_0023_0023.jpg 1 38 51 23 23
0151_0053_0065_0021_0021.jpg 1 53 65 21 21
0152_0052_0052_0016_0016.jpg 1 52 52 16 16
0153_0020_0013_0057_0057.jpg 1 20 13 57 57
0154_0023_0015_0056_0056.jpg 1 23 15 56 56
0155_0007_0058_0028_0028.jpg 1 7 58 28 28
0156_0016_0041_0024_0024.jpg 1 16 41 24 24
0157_0022_0068_0014_0014.jpg 1 22 68 14 14
0158_0038_0029_0057_0057.jpg 1 38 29 57 57
0159_0018_0022_0016_0016.jpg 1 18 22 16 16
0160_0047_0043_0045_0045.jpg 1 47 43 45 45
0161_0038_0004_0054_0054.jpg 1 38 4 54 54
0162_0010_0004_0065_0065.jpg 1 10 4 65 65
0163_0039_0032_0021_0021.jpg 1 39 32 21 21
0164_0027_0030_0024_0024.jpg 1 27 30 24 24
0165_0011_0012_0051_0051.jpg 1 11 12 51 51
0166_0045_0065_0013_0013.jpg 1 45 65 13 13
0167_0009_0060_0032_0032.jpg 1 9 60 32 32
0168_0041_0032_0025_0025.jpg 1 41 32 25 25
0169_0019_0022_0060_0060.jpg 1 19 22 60 60
0170_0052_0016_0020_0020.jpg 1 52 16 20 20
0171_0021_0038_0043_0043.jpg 1 21 38 43 43
0172_0007_0024_0055_0055.jpg 1 7 24 55 55
0173_0025_0028_0064_0064.jpg 1 25 28 64 64
0174_0007_0006_0067_0067.jpg 1 7 6 67 67
0175_0010_0033_0025_0025.jpg 1 10 33 25 25
0176_0009_0026_0065_0065.jpg 1 9 26 65 65
0177_0057_0038_0025_0025.jpg 1 57 38 25 25
0178_0030_0024_0046_0046.jpg 1 30 24 46 46
0179_0041_0043_0022_0022.jpg 1 41 43 22 22
0180_0024_0031_0040_0040.jpg 1 24 31 40 40
0181_0032_0038_0044_0044.jpg 1 32 38 44 44
0182_0033_0021_0011_0011.jpg 1 33 21 11 11
0183_0010_0007_0068_0068.jpg 1 10 7 68 68
0184_0026_0006_0054_0054.jpg 1 26 6 54 54
0185_0006_0029_0066_0066.jpg 1 6 29 66 66
0186_0006_0026_0069_0069.jpg 1 6 26 69 69
0187_0015_0072_0010_0010.jpg 1 15 72 10 10
0188_0063_0062_0025_0025.jpg 1 63 62 25 25
0189_0034_0012_0062_0062.jpg 1 34 12 62 62
0190_0051_0016_0028_0028.jpg 1 51 16 28 28
0191_0017_0026_0068_0068.jpg 1 17 26 68 68
0192_0054_0038_0026_0026.jpg 1 54 38 26 26
0193_0013_0009_0067_0067.jpg 1 13 9 67 67
0194_0011_0034_0059_0059.jpg 1 11 34 59 59
0195_0027_0015_0046_0046.jpg 1 27 15 46 46
0196_0050_0008_0035_0035.jpg 1 50 8 35 35
0197_0027_0030_0043_0043.jpg 1 27 30 43 43
0198_0014_0016_0045_0045.jpg 1 14 16 45 45
0199_0036_0030_0058_0058.jpg 1 36 30 58 58
0200_0029_0025_0055_0055.jpg 1 29 25 55 55
0201_0016_0034_0015_0015.jpg 1 16 34 15 15
0202_0025_0046_0014_0014.jpg 1 25 46 14 14
0203_0016_0033_0050_0050.jpg 1 16 33 50 50
0204_0027_0016_0056_0056.jpg 1 27 16 56 56
0205_0028_0025_0062_0062.jpg 1 28 25 62 62
0206_0041_0030_0053_0053.jpg 1 41 30 53 53
0207_0020_0008_0066_0066.jpg 1 20 8 66 66
0208_0028_0039_0035_0035.jpg 1 28 39 35 35
0209_0019_0014_0015_0015.jpg 1 19 14 15 15
0210_0023_0075_0013_0013.jpg 1 23 75 13 13
0211_0005_0010_0063_0063.jpg 1 5 10 63 63
0212_0011_0003_0066_0066.jpg 1 11 3 66 66
0213_0054_0042_0033_0033.jpg 1 54 42 33 33
0214_0005_0027_0055_0055.jpg 1 5 27 55 55
0215_0008_0041_0018_0018.jpg 1 8 41 18 18
0216_0025_0066_0014_0014.jpg 1 25 66 14 14
0217_0039_0040_0029_0029.jpg 1 39 40 29 29
0218_0019_0036_0021_0021.jpg 1 19 36 21 21
0219_0018_0010_0065_0065.jpg 1 18 10 65 65
0220_0056_0047_0014_0014.jpg 1 56 47 14 14
0221_0058_0047_0025_0025.jpg 1 58 47 25 25
0222_0010_0042_0018_0018.jpg 1 10 42 18 18
0223_0004_0014_0066_0066.jpg 1 4 14 66 66
0224_0056_0012_0037_0037.jpg 1 56 12 37 37
0225_0020_0030_0064_0064.jpg 1 20 30 64 64
0226_0025_0010_0011_0011.jpg 1 25 10 11 11
0227_0024_0047_0018_0018.jpg 1 24 47 18 18
0228_0025_0019_0064_0064.jpg 1 25 19 64 64
0229_0037_0040_0055_0055.jpg 1 37 40 55 55
0230_0016_0008_0027_0027.jpg 1 16 8 27 27
0231_0052_0071_0011_0011.jpg 1 52 71 11 11
0232_0006_0013_0041_0041.jpg 1 6 13 41 41
0233_0025_0013_0066_0066.jpg 1 25 13 66 66
0234_0030_0018_0039_0039.jpg 1 30 18 39 39
0235_0034_0056_0033_0033.jpg 1 34 56 33 33
0236_0015_0042_0028_0028.jpg 1 15 42 28 28
0237_0012_0020_0057_0057.jpg 1 12 20 57 57
0238_0022_0051_0021_0021.jpg 1 22 51 21 21
0239_0011_0028_0049_0049.jpg 1 11 28 49 49
0240_0031_0065_0023_0023.jpg 1 31 65 23 23
0241_0004_0015_0069_0069.jpg 1 4 15 69 69
0242_0029_0042_0044_0044.jpg 1 29 42 44 44
0243_0012_0013_0059_0059.jpg 1 12 13 59 59
0244_0021_0045_0029_0029.jpg 1 21 45 29 29
0245_0048_0071_0017_0017.jpg 1 48 71 17 17
0246_0064_0065_0018_0018.jpg 1 64 65 18 18
0247_0066_0039_0021_0021.jpg 1 66 39 21 21
0248_0036_0007_0027_0027.jpg 1 36 7 27 27
0249_0013_0017_0054_0054.jpg 1 13 17 54 54
0250_0006_0036_0050_0050.jpg 1 6 36 50 50
0251_0038_0016_0047_0047.jpg 1 38 16 47 47
0252_0034_0009_0048_0048.jpg 1 34 9 48 48
0253_0048_0011_0020_0020.jpg 1 48 11 20 20
0254_0027_0026_0022_0022.jpg 1 27 26 22 22
0255_0004_0009_0066_0066.jpg 1 4 9 66 66
0256_0028_0025_0060_0060.jpg 1 28 25 60 60
0257_0027_0008_0068_0068.jpg 1 27 8 68 68
0258_0014_0004_0065_0065.jpg 1 14 4 65 65
0259_0026_0018_0065_0065.jpg 1 26 18 65 65
0260_0024_0033_0058_0058.jpg 1 24 33 58 58
0261_0017_0050_0040_0040.jpg 1 17 50 40 40
0262_0029_0044_0044_0044.jpg 1 29 44 44 44
0263_0019_0032_0054_0054.jpg 1 19 32 54 54
0264_0038_0018_0034_0034.jpg 1 38 18 34 34
0265_0024_0039_0049_0049.jpg 1 24 39 49 49
0266_0026_0014_0069_0069.jpg 1 26 14 69 69
0267_0015_0014_0066_0066.jpg 1 15 14 66 66
0268_0019_0004_0058_0058.jpg 1 19 4 58 58
0269_0032_0031_0059_0059.jpg 1 32 31 59 59
0270_0019_0028_0039_0039.jpg 1 19 28 39 39
0271_0022_0021_0038_0038.jpg 1 22 21 38 38
0272_0029_0014_0058_0058.jpg 1 29 14 58 58
0273_0005_0003_0068_0068.jpg 1 5 3 68 68
0274_0025_0013_0059_0059.jpg 1 25 13 59 59
0275_0030_0006_0045_0045.jpg 1 30 6 45 45
0276_0030_0021_0039_0039.jpg 1 30 21 39 39
0277_0042_0040_0032_0032.jpg 1 42 40 32 32
0278_0009_0042_0044_0044.jpg 1 9 42 44 44
0279_0012_0029_0062_0062.jpg 1 12 29 62 62
0280_0069_0034_0021_0021.jpg 1 69 34 21 21
0281_0041_0042_0027_0027.jpg 1 41 42 27 27
0282_0014_0006_0055_0055.jpg 1 14 6 55 55
0283_0008_0019_0053_0053.jpg 1 8 19 53 53
0284_0031_0005_0051_0051.jpg 1 31 5 51 51
0285_0047_0056_0035_0035.jpg 1 47 56 35 35
0286_0047_0070_0021_0021.jpg 1 47 70 21 21
0287_0015_0027_0031_0031.jpg 1 15 27 31 31
0288_0007_0024_0025_0025.jpg 1 7 24 25 25
0289_0047_0024_0024_0024.jpg 1 47 24 24 24
0290_0045_0033_0046_0046.jpg 1 45 33 46 46
0291_0046_0024_0018_0018.jpg 1 46 24 18 18
0292_0021_0047_0034_0034.jpg 1 21 47 34 34
0293_0029_0035_0032_0032.jpg 1 29 35 32 32
0294_0028_0061_0024_0024.jpg 1 28 61 24 24
0295_0033_0051_0017_0017.jpg 1 33 51 17 17
0296_0013_0044_0017_0017.jpg 1 13 44 17 17
0297_0011_0063_0013_0013.jpg 1 11 63 13 13
0298_0034_0036_0042_0042.jpg 1 34 36 42 42
0299_0060_0022_0026_0026.jpg 1 60 22 26 26
0300_0027_0027_0058_0058.jpg 1 27 27 58 58
0301_0035_0052_0021_0021.jpg 1 35 52 21 21
0302_0009_0022_0044_0044.jpg 1 9 22 44 44
0303_0021_0028_0024_0024.jpg 1 21 28 24 24
0304_0042_0022_0011_0011.jpg 1 42 22 11 11
0305_0037_0024_0045_0045.jpg 1 37 24 45 45
0306_0009_0015_0042_0042.jpg 1 9 15 42 42
0307_0038_0054_0026_0026.jpg 1 38 54 26 26
0308_0013_0060_0021_0021.jpg 1 13 60 21 21
0309_0018_0022_0060_0060.jpg 1 18 22 60 60
0310_0061_0041_0015_0015.jpg 1 61 41 15 15
0311_0015_0018_0023_0023.jpg 1 15 18 23 23
0312_0035_0070_0019_0019.jpg 1 35 70 19 19
0313_0039_0024_0054_0054.jpg 1 39 24 54 54
0314_0024_0030_0062_0062.jpg 1 24 30 62 62
0315_0022_0023_0054_0054.jpg 1 22 23 54 54
0316_0017_0050_0022_0022.jpg 1 17 50 22 22
0317_0038_0038_0039_0039.jpg 1 38 38 39 39
0318_0021_0012_0028_0028.jpg 1 21 12 28 28
0319_0036_0020_0036_0036.jpg 1 36 20 36 36
0320_0016_0006_0058_0058.jpg 1 16 6 58 58
0321_0044_0066_0019_0019.jpg 1 44 66 19 19
0322_0018_0009_0052_0052.jpg 1 18 9 52 52
0323_0040_0065_0010_0010.jpg 1 40 65 10 10
0324_0070_0018_0018_0018.jpg 1 70 18 18 18
0325_0028_0018_0067_0067.jpg 1 28 18 67 67
0326_0033_0049_0036_0036.jpg 1 33 49 36 36
0327_0021_0022_0069_0069.jpg 1 21 22 69 69
0328_0042_0058_0032_0032.jpg 1 42 58 32 32
0329_0046_0025_0029_0029.jpg 1 46 25 29 29
0330_0007_0044_0036_0036.jpg 1 7 44 36 36
0331_0011_0005_0055_0055.jpg 1 11 5 55 55
0332_0023_0024_0014_0014.jpg 1 23 24 14 14
0333_0008_0027_0062_0062.jpg 1 8 27 62 62
0334_0052_0013_0029_0029.jpg 1 52 13 29 29
0335_0016_0012_0030_0030.jpg 1 16 12 30 30
0336_0013_0049_0043_0043.jpg 1 13 49 43 43
0337_0036_0041_0042_0042.jpg 1 36 41 42 42
0338_0017_0020_0022_0022.jpg 1 17 20 22 22
0339_0019_0064_0026_0026.jpg 1 19 64 26 26
0340_0019_0010_0067_0067.jpg 1 19 10 67 67
0341_0041_0026_0041_0041.jpg 1 41 26 41 41
0342_0005_0011_0059_0059.jpg 1 5 11 59 59
0343_0030_0022_0057_0057.jpg 1 30 22 57 57
0344_0040_0018_0025_0025.jpg 1 40 18 25 25
0345_0016_0030_0043_0043.jpg 1 16 30 43 43
0346_0007_0008_0068_0068.jpg 1 7 8 68 68
0347_0021_0025_0016_0016.jpg 1 21 25 16 16
0348_0009_0012_0011_0011.jpg 1 9 12 11 11
0349_0009_0016_0034_0034.jpg 1 9 16 34 34
0350_0015_0042_0053_0053.jpg 1 15 42 53 53
0351_0019_0019_0068_0068.jpg 1 19 19 68 68
0352_0052_0044_0033_0033.jpg 1 52 44 33 33
0353_0030_0051_0031_0031.jpg 1 30 51 31 31
0354_0028_0040_0028_0028.jpg 1 28 40 28 28
0355_0034_0041_0042_0042.jpg 1 34 41 42 42
0356_0006_0025_0060_0060.jpg 1 6 25 60 60
0357_0031_0030_0056_0056.jpg 1 31 30 56 56
0358_0031_0019_0058_0058.jpg 1 31 19 58 58
0359_0020_0054_0024_0024.jpg 1 20 54 24 24
0360_0014_0014_0068_0068.jpg 1 14 14 68 68
0361_0045_0022_0024_0024.jpg 1 45 22 24 24
0362_0028_0018_0040_0040.jpg 1 28 18 40 40
0363_0036_0021_0038_0038.jpg 1 36 21 38 38
0364_0019_0042_0041_0041.jpg 1 19 42 41 41
0365_0034_0059_0026_0026.jpg 1 34 59 26 26
0366_0040_0011_0043_0043.jpg 1 40 11 43 43
0367_0028_0007_0065_0065.jpg 1 28 7 65 65
0368_0041_0015_0043_0043.jpg 1 41 15 43 43
0369_0024_0012_0065_0065.jpg 1 24 12 65 65
0370_0051_0008_0031_0031.jpg 1 51 8 31 31
0371_0019_0005_0044_0044.jpg 1 19 5 44 44
0372_0068_0024_0014_0014.jpg 1 68 24 14 14
0373_0061_0042_0023_0023.jpg 1 61 42 23 23
0374_0010_0009_0069_0069.jpg 1 10 9 69 69
0375_0030_0053_0035_0035.jpg 1 30 53 35 35
0376_0059_0061_0022_0022.jpg 1 59 61 22 22
0377_0025_0033_0049_0049.jpg 1 25 33 49 49
0378_0039_0056_0030_0030.jpg 1 39 56 30 30
0379_0026_0012_0030_0030.jpg 1 26 12 30 30
0380_0015_0036_0056_0056.jpg 1 15 36 56 56
0381_0037_0045_0021_0021.jpg 1 37 45 21 21
0382_0023_0027_0067_0067.jpg 1 23 27 67 67
0383_0009_0029_0032_0032.jpg 1 9 29 32 32
0384_0042_0040_0033_0033.jpg 1 42 40 33 33
0385_0041_0033_0054_0054.jpg 1 41 33 54 54
0386_0013_0015_0065_0065.jpg 1 13 15 65 65
0387_0025_0018_0058_0058.jpg 1 25 18 58 58
0388_0005_0025_0054_0054.jpg 1 5 25 54 54
0389_0007_0020_0027_0027.jpg 1 7 20 27 27
0390_0054_0012_0025_0025.jpg 1 54 12 25 25
0391_0004_0030_0061_0061.jpg 1 4 30 61 61
0392_0073_0057_0011_0011.jpg 1 73 57 11 11
0393_0054_0057_0018_0018.jpg 1 54 57 18 18
0394_0030_0078_0012_0012.jpg 1 30 78 12 12
0395_0058_0013_0025_0025.jpg 1 58 13 25 25
0396_0026_0063_0026_0026.jpg 1 26 63 26 26
0397_0008_0012_0065_0065.jpg 1 8 12 65 65
0398_0030_0051_0032_0032.jpg 1 30 51 32 32
0399_0051_0070_0017_0017.jpg 1 51 70 17 17
0400_0032_0005_0058_0058.jpg 1 32 5 58 58
0401_0011_0011_0063_0063.jpg 1 11 11 63 63
0402_0009_0016_0033_0033.jpg 1 9 16 33 33
0403_0026_0056_0011_0011.jpg 1 26 56 11 11
0404_0026_0030_0018_0018.jpg 1 26 30 18 18
0405_0056_0017_0025_0025.jpg 1 56 17 25 25
0406_0039_0039_0037_0037.jpg 1 39 39 37 37
0407_0029_0013_0015_0015.jpg 1 29 13 15 15
0408_0014_0021_0065_0065.jpg 1 14 21 65 65
0409_0016_0010_0067_0067.jpg 1 16 10 67 67
0410_0015_0044_0031_0031.jpg 1 15 44 31 31
0411_0047_0039_0016_0016.jpg 1 47 39 16 16
0412_0012_0026_0064_0064.jpg 1 12 26 64 64
0413_0022_0030_0065_0065.jpg 1 22 30 65 65
0414_0019_0058_0033_0033.jpg 1 19 58 33 33
0415_0064_0025_0023_0023.jpg 1 64 25 23 23
0416_0027_0046_0044_0044.jpg 1 27 46 44 44
0417_0060_0063_0029_0029.jpg 1 60 63 29 29
0418_0022_0051_0015_0015.jpg 1 22 51 15 15
0419_0011_0017_0054_0054.jpg 1 11 17 54 54
0420_0032_0027_0055_0055.jpg 1 32 27 55 55
0421_0038_0019_0056_0056.jpg 1 38 19 56 56
0422_0055_0013_0034_0034.jpg 1 55 13 34 34
0423_0024_0009_0058_0058.jpg 1 24 9 58 58
0424_0080_0074_0010_0010.jpg 1 80 74 10 10
0425_0034_0031_0059_0059.jpg 1 34 31 59 59
0426_0008_0022_0065_0065.jpg 1 8 22 65 65
0427_0043_0029_0012_0012.jpg 1 43 29 12 12
0428_0026_0033_0059_0059.jpg 1 26 33 59 59
0429_0014_0013_0036_0036.jpg 1 14 13 36 36
0430_0018_0026_0026_0026.jpg 1 18 26 26 26
0431_0039_0009_0052_0052.jpg 1 39 9 52 52
0432_0024_0013_0066_0066.jpg 1 24 13 66 66
0433_0065_0049_0017_0017.jpg 1 65 49 17 17
0434_0014_0021_0068_0068.jpg 1 14 21 68 68
0435_0043_0018_0017_0017.jpg 1 43 18 17 17
0436_0068_0040_0018_0018.jpg 1 68 40 18 18
0437_0012_0038_0050_0050.jpg 1 12 38 50 50
0438_0023_0026_0040_0040.jpg 1 23 26 40 40
0439_0025_0023_0062_0062.jpg 1 25 23 62 62
0440_0016_0027_0040_0040.jpg 1 16 27 40 40
0441_0015_0036_0056_0056.jpg 1 15 36 56 56
0442_0035_0057_0027_0027.jpg 1 35 57 27 27
0443_0058_0021_0028_0028.jpg 1 58 21 28 28
0444_0011_0007_0041_0041.jpg 1 11 7 41 41
0445_0033_0011_0058_0058.jpg 1 33 11 58 58
0446_0018_0056_0020_0020.jpg 1 18 56 20 20
0447_0006_0044_0042_0042.jpg 1 6 44 42 42
0448_0028_0014_0057_0057.jpg 1 28 14 57 57
0449_0038_0019_0035_0035.jpg 1 38 19 35 35
0450_0044_0036_0016_0016.jpg 1 44 36 16 16
0451_0025_0042_0052_0052.jpg 1 25 42 52 52
0452_0008_0005_0066_0066.jpg 1 8 5 66 66
0453_0026_0023_0026_0026.jpg 1 26 23 26 26
0454_0041_0015_0031_0031.jpg 1 41 15 31 31
0455_0023_0063_0023_0023.jpg 1 23 63 23 23
0456_0024_0018_0060_0060.jpg 1 24 18 60 60
0457_0042_0028_0032_0032.jpg 1 42 28 32 32
0458_0027_0023_0031_0031.jpg 1 27 23 31 31
0459_0029_0007_0049_0049.jpg 1 29 7 49 49
0460_0011_0037_0017_0017.jpg 1 11 37 17 17
0461_0047_0061_0022_0022.jpg 1 47 61 22 22
0462_0008_0007_0045_0045.jpg 1 8 7 45 45
0463_0028_0032_0041_0041.jpg 1 28 32 41 41
0464_0061_0054_0025_0025.jpg 1 61 54 25 25
0465_0007_0027_0065_0065.jpg 1 7 27 65 65
0466_0014_0023_0043_0043.jpg 1 14 23 43 43
0467_0019_0029_0062_0062.jpg 1 19 29 62 62
0468_0018_0027_0051_0051.jpg 1 18 27 51 51
0469_0030_0016_0057_0057.jpg 1 30 16 57 57
0470_0063_0042_0011_0011.jpg 1 63 42 11 11
0471_0039_0034_0030_0030.jpg 1 39 34 30 30
0472_0044_0009_0039_0039.jpg 1 44 9 39 39
0473_0014_0055_0025_0025.jpg 1 14 55 25 25
0474_0042_0072_0019_0019.jpg 1 42 72 19 19
0475_0036_0061_0022_0022.jpg 1 36 61 22 22
0476_0009_0048_0042_0042.jpg 1 9 48 42 42
0477_0026_0015_0069_0069.jpg 1 26 15 69 69
0478_0047_0026_0045_0045.jpg 1 47 26 45 45
0479_0021_0026_0044_0044.jpg 1 21 26 44 44
0480_0038_0009_0057_0057.jpg 1 38 9 57 57
0481_0023_0060_0016_0016.jpg 1 23 60 16 16
0482_0035_0019_0051_0051.jpg 1 35 19 51 51
0483_0018_0036_0027_0027.jpg 1 18 36 27 27
0484_0011_0020_0025_0025.jpg 1 11 20 25 25
0485_0051_0031_0030_0030.jpg 1 51 31 30 30
0486_0007_0027_0064_0064.jpg 1 7 27 64 64
0487_0041_0013_0042_0042.jpg 1 41 13 42 42
0488_0039_0032_0047_0047.jpg 1 39 32 47 47
0489_0020_0029_0048_0048.jpg 1 20 29 48 48
0490_0074_0019_0011_0011.jpg 1 74 19 11 11
0491_0018_0018_0050_0050.jpg 1 18 18 50 50
