0001_0039_0021_0046_0046.jpg 1 39 21 46 46
0002_0030_0041_0052_0052.jpg 1 30 41 52 52
0003_0036_0014_0016_0016.jpg 1 36 14 16 16
0004_0016_0039_0032_0032.jpg 1 16 39 32 32
0005_0070_0050_0021_0021.jpg 1 70 50 21 21
0006_0022_0025_0042_0042.jpg 1 22 25 42 42
0007_0009_0019_0068_0068.jpg 1 9 19 68 68
0008_0004_0006_0052_0052.jpg 1 4 6 52 52
0009_0021_0038_0050_0050.jpg 1 21 38 50 50
0010_0039_0051_0035_0035.jpg 1 39 51 35 35
0011_0005_0033_0051_0051.jpg 1 5 33 51 51
0012_0014_0026_0050_0050.jpg 1 14 26 50 50
0013_0073_0061_0017_0017.jpg 1 73 61 17 17
0014_0009_0012_0050_0050.jpg 1 9 12 50 50
0015_0034_0033_0059_0059.jpg 1 34 33 59 59
0016_0006_0007_0062_0062.jpg 1 6 7 62 62
0017_0017_0029_0054_0054.jpg 1 17 29 54 54
0018_0040_0052_0025_0025.jpg 1 40 52 25 25
0019_0027_0014_0021_0021.jpg 1 27 14 21 21
0020_0022_0006_0066_0066.jpg 1 22 6 66 66
0021_0078_0071_0012_0012.jpg 1 78 71 12 12
0022_0038_0020_0052_0052.jpg 1 38 20 52 52
0023_0067_0021_0013_0013.jpg 1 67 21 13 13
0024_0004_0010_0053_0053.jpg 1 4 10 53 53
0025_0033_0009_0054_0054.jpg 1 33 9 54 54
0026_0012_0014_0059_0059.jpg 1 12 14 59 59
0027_0039_0011_0052_0052.jpg 1 39 11 52 52
0028_0033_0039_0055_0055.jpg 1 33 39 55 55
0029_0056_0021_0036_0036.jpg 1 56 21 36 36
0030_0069_0050_0011_0011.jpg 1 69 50 11 11
0031_0040_0006_0041_0041.jpg 1 40 6 41 41
0032_0025_0043_0026_0026.jpg 1 25 43 26 26
0033_0015_0046_0045_0045.jpg 1 15 46 45 45
0034_0068_0050_0023_0023.jpg 1 68 50 23 23
0035_0017_0024_0052_0052.jpg 1 17 24 52 52
0036_0059_0067_0025_0025.jpg 1 59 67 25 25
0037_0004_0030_0057_0057.jpg 1 4 30 57 57
0038_0017_0018_0059_0059.jpg 1 17 18 59 59
0039_0009_0005_0067_0067.jpg 1 9 5 67 67
0040_0034_0031_0038_0038.jpg 1 34 31 38 38
0041_0017_0043_0033_0033.jpg 1 17 43 33 33
0042_0027_0016_0025_0025.jpg 1 27 16 25 25
0043_0040_0052_0039_0039.jpg 1 40 52 39 39
0044_0030_0040_0027_0027.jpg 1 30 40 27 27
0045_0039_0013_0037_0037.jpg 1 39 13 37 37
0046_0026_0039_0051_0051.jpg 1 26 39 51 51
0047_0032_0018_0061_0061.jpg 1 32 18 61 61
0048_0023_0012_0043_0043.jpg 1 23 12 43 43
0049_0015_0004_0057_0057.jpg 1 15 4 57 57
0050_0035_0053_0014_0014.jpg 1 35 53 14 14
0051_0008_0028_0023_0023.jpg 1 8 28 23 23
0052_0035_0019_0047_0047.jpg 1 35 19 47 47
0053_0063_0059_0028_0028.jpg 1 63 59 28 28
0054_0012_0047_0031_0031.jpg 1 12 47 31 31
0055_0053_0032_0040_0040.jpg 1 53 32 40 40
0056_0017_0017_0052_0052.jpg 1 17 17 52 52
0057_0026_0023_0034_0034.jpg 1 26 23 34 34
0058_0024_0006_0047_0047.jpg 1 24 6 47 47
0059_0054_0035_0023_0023.jpg 1 54 35 23 23
0060_0054_0061_0010_0010.jpg 1 54 61 10 10
0061_0046_0013_0042_0042.jpg 1 46 13 42 42
0062_0015_0023_0028_0028.jpg 1 15 23 28 28
0063_0019_0027_0043_0043.jpg 1 19 27 43 43
0064_0030_0010_0063_0063.jpg 1 30 10 63 63
0065_0004_0033_0060_0060.jpg 1 4 33 60 60
0066_0011_0043_0046_0046.jpg 1 11 43 46 46
0067_0007_0013_0066_0066.jpg 1 7 13 66 66
0068_0017_0011_0063_0063.jpg 1 17 11 63 63
0069_0070_0008_0021_0021.jpg 1 70 8 21 21
0070_0058_0045_0024_0024.jpg 1 58 45 24 24
0071_0048_0013_0045_0045.jpg 1 48 13 45 45
0072_0041_0022_0043_0043.jpg 1 41 22 43 43
0073_0024_0021_0045_0045.jpg 1 24 21 45 45
0074_0011_0013_0067_0067.jpg 1 11 13 67 67
0075_0016_0051_0028_0028.jpg 1 16 51 28 28
0076_0031_0021_0060_0060.jpg 1 31 21 60 60
0077_0022_0020_0038_0038.jpg 1 22 20 38 38
0078_0027_0059_0023_0023.jpg 1 27 59 23 23
0079_0006_0040_0055_0055.jpg 1 6 40 55 55
0080_0037_0075_0016_0016.jpg 1 37 75 16 16
0081_0062_0016_0021_0021.jpg 1 62 16 21 21
0082_0046_0043_0041_0041.jpg 1 46 43 41 41
0083_0015_0016_0068_0068.jpg 1 15 16 68 68
0084_0027_0008_0058_0058.jpg 1 27 8 58 58
0085_0038_0045_0029_0029.jpg 1 38 45 29 29
0086_0035_0034_0030_0030.jpg 1 35 34 30 30
0087_0021_0031_0052_0052.jpg 1 21 31 52 52
0088_0022_0028_0059_0059.jpg 1 22 28 59 59
0089_0041_0046_0014_0014.jpg 1 41 46 14 14
0090_0024_0029_0056_0056.jpg 1 24 29 56 56
0091_0050_0013_0026_0026.jpg 1 50 13 26 26
0092_0018_0004_0057_0057.jpg 1 18 4 57 57
0093_0014_0024_0055_0055.jpg 1 14 24 55 55
0094_0019_0039_0043_0043.jpg 1 19 39 43 43
0095_0025_0016_0056_0056.jpg 1 25 16 56 56
0096_0014_0011_0056_0056.jpg 1 14 11 56 56
0097_0025_0005_0063_0063.jpg 1 25 5 63 63
0098_0052_0012_0032_0032.jpg 1 52 12 32 32
0099_0047_0066_0019_0019.jpg 1 47 66 19 19
0100_0015_0065_0023_0023.jpg 1 15 65 23 23
0101_0050_0026_0025_0025.jpg 1 50 26 25 25
0102_0031_0052_0035_0035.jpg 1 31 52 35 35
0103_0033_0065_0017_0017.jpg 1 33 65 17 17
0104_0052_0038_0013_0013.jpg 1 52 38 13 13
0105_0021_0048_0022_0022.jpg 1 21 48 22 22
0106_0038_0012_0057_0057.jpg 1 38 12 57 57
0107_0032_0014_0036_0036.jpg 1 32 14 36 36
0108_0030_0026_0059_0059.jpg 1 30 26 59 59
0109_0054_0051_0036_0036.jpg 1 54 51 36 36
0110_0024_0028_0051_0051.jpg 1 24 28 51 51
0111_0059_0060_0026_0026.jpg 1 59 60 26 26
0112_0022_0004_0062_0062.jpg 1 22 4 62 62
0113_0019_0039_0053_0053.jpg 1 19 39 53 53
0114_0017_0025_0069_0069.jpg 1 17 25 69 69
0115_0045_0008_0048_0048.jpg 1 45 8 48 48
0116_0023_0051_0025_0025.jpg 1 23 51 25 25
0117_0005_0006_0062_0062.jpg 1 5 6 62 62
0118_0043_0017_0017_0017.jpg 1 43 17 17 17
0119_0036_0028_0017_0017.jpg 1 36 28 17 17
0120_0021_0006_0067_0067.jpg 1 21 6 67 67
0121_0047_0023_0042_0042.jpg 1 47 23 42 42
0122_0050_0054_0039_0039.jpg 1 50 54 39 39
0123_0011_0012_0028_0028.jpg 1 11 12 28 28
0124_0055_0057_0012_0012.jpg 1 55 57 12 12
0125_0058_0042_0022_0022.jpg 1 58 42 22 22
0126_0028_0007_0029_0029.jpg 1 28 7 29 29
0127_0030_0028_0041_0041.jpg 1 30 28 41 41
0128_0034_0054_0033_0033.jpg 1 34 54 33 33
0129_0032_0017_0050_0050.jpg 1 32 17 50 50
0130_0027_0009_0058_0058.jpg 1 27 9 58 58
0131_0038_0027_0037_0037.jpg 1 38 27 37 37
0132_0027_0013_0068_0068.jpg 1 27 13 68 68
0133_0027_0011_0053_0053.jpg 1 27 11 53 53
0134_0052_0012_0028_0028.jpg 1 52 12 28 28
0135_0023_0009_0068_0068.jpg 1 23 9 68 68
0136_0030_0016_0043_0043.jpg 1 30 16 43 43
0137_0009_0015_0063_0063.jpg 1 9 15 63 63
0138_0010_0015_0026_0026.jpg 1 10 15 26 26
0139_0063_0045_0011_0011.jpg 1 63 45 11 11
0140_0007_0007_0031_0031.jpg 1 7 7 31 31
0141_0039_0029_0035_0035.jpg 1 39 29 35 35
0142_0025_0029_0067_0067.jpg 1 25 29 67 67
0143_0032_0033_0014_0014.jpg 1 32 33 14 14
0144_0049_0032_0043_0043.jpg 1 49 32 43 43
0145_0023_0033_0031_0031.jpg 1 23 33 31 31
0146_0068_0025_0017_0017.jpg 1 68 25 17 17
0147_0018_0038_0052_0052.jpg 1 18 38 52 52
0148_0016_0017_0059_0059.jpg 1 16 17 59 59
0149_0019_0034_0053_0053.jpg 1 19 34 53 53
0150_0033_0030_0041_0041.jpg 1 33 30 41 41
0151_0016_0028_0065_0065.jpg 1 16 28 65 65
0152_0025_0031_0030_0030.jpg 1 25 31 30 30
0153_0054_0053_0020_0020.jpg 1 54 53 20 20
0154_0032_0030_0057_0057.jpg 1 32 30 57 57
0155_0052_0014_0036_0036.jpg 1 52 14 36 36
0156_0029_0025_0030_0030.jpg 1 29 25 30 30
0157_0026_0061_0030_0030.jpg 1 26 61 30 30
0158_0051_0037_0022_0022.jpg 1 51 37 22 22
0159_0032_0024_0021_0021.jpg 1 32 24 21 21
0160_0025_0011_0043_0043.jpg 1 25 11 43 43
0161_0045_0013_0044_0044.jpg 1 45 13 44 44
0162_0039_0047_0041_0041.jpg 1 39 47 41 41
0163_0009_0044_0041_0041.jpg 1 9 44 41 41
0164_0079_0036_0011_0011.jpg 1 79 36 11 11
0165_0057_0012_0033_0033.jpg 1 57 12 33 33
0166_0051_0049_0026_0026.jpg 1 51 49 26 26
0167_0007_0025_0054_0054.jpg 1 7 25 54 54
0168_0043_0018_0015_0015.jpg 1 43 18 15 15
0169_0030_0034_0062_0062.jpg 1 30 34 62 62
0170_0021_0015_0053_0053.jpg 1 21 15 53 53
0171_0014_0015_0018_0018.jpg 1 14 15 18 18
0172_0014_0024_0067_0067.jpg 1 14 24 67 67
0173_0013_0030_0043_0043.jpg 1 13 30 43 43
0174_0014_0043_0019_0019.jpg 1 14 43 19 19
0175_0014_0026_0063_0063.jpg 1 14 26 63 63
0176_0026_0045_0017_0017.jpg 1 26 45 17 17
0177_0006_0021_0066_0066.jpg 1 6 21 66 66
0178_0039_0042_0017_0017.jpg 1 39 42 17 17
0179_0008_0037_0042_0042.jpg 1 8 37 42 42
0180_0018_0009_0051_0051.jpg 1 18 9 51 51
0181_0007_0030_0029_0029.jpg 1 7 30 29 29
0182_0011_0064_0015_0015.jpg 1 11 64 15 15
0183_0012_0036_0057_0057.jpg 1 12 36 57 57
0184_0036_0045_0035_0035.jpg 1 36 45 35 35
0185_0010_0010_0067_0067.jpg 1 10 10 67 67
0186_0024_0010_0066_0066.jpg 1 24 10 66 66
0187_0011_0011_0044_0044.jpg 1 11 11 44 44
0188_0026_0028_0048_0048.jpg 1 26 28 48 48
0189_0057_0052_0014_0014.jpg 1 57 52 14 14
0190_0012_0051_0025_0025.jpg 1 12 51 25 25
0191_0012_0023_0065_0065.jpg 1 12 23 65 65
0192_0017_0070_0019_0019.jpg 1 17 70 19 19
0193_0036_0007_0055_0055.jpg 1 36 7 55 55
0194_0017_0062_0029_0029.jpg 1 17 62 29 29
0195_0057_0014_0012_0012.jpg 1 57 14 12 12
0196_0007_0024_0035_0035.jpg 1 7 24 35 35
0197_0027_0020_0030_0030.jpg 1 27 20 30 30
0198_0039_0015_0033_0033.jpg 1 39 15 33 33
0199_0016_0017_0067_0067.jpg 1 16 17 67 67
0200_0030_0029_0054_0054.jpg 1 30 29 54 54
0201_0039_0047_0027_0027.jpg 1 39 47 27 27
0202_0008_0013_0051_0051.jpg 1 8 13 51 51
0203_0020_0021_0061_0061.jpg 1 20 21 61 61
0204_0013_0012_0059_0059.jpg 1 13 12 59 59
0205_0044_0024_0030_0030.jpg 1 44 24 30 30
0206_0014_0041_0018_0018.jpg 1 14 41 18 18
0207_0015_0016_0056_0056.jpg 1 15 16 56 56
0208_0026_0017_0019_0019.jpg 1 26 17 19 19
0209_0051_0054_0038_0038.jpg 1 51 54 38 38
0210_0065_0028_0014_0014.jpg 1 65 28 14 14
0211_0025_0030_0066_0066.jpg 1 25 30 66 66
0212_0018_0045_0017_0017.jpg 1 18 45 17 17
0213_0062_0017_0022_0022.jpg 1 62 17 22 22
0214_0036_0038_0056_0056.jpg 1 36 38 56 56
0215_0016_0060_0032_0032.jpg 1 16 60 32 32
0216_0034_0031_0040_0040.jpg 1 34 31 40 40
0217_0028_0014_0061_0061.jpg 1 28 14 61 61
0218_0014_0029_0027_0027.jpg 1 14 29 27 27
0219_0035_0005_0056_0056.jpg 1 35 5 56 56
0220_0052_0037_0036_0036.jpg 1 52 37 36 36
0221_0034_0021_0039_0039.jpg 1 34 21 39 39
0222_0006_0008_0047_0047.jpg 1 6 8 47 47
0223_0019_0021_0019_0019.jpg 1 19 21 19 19
0224_0035_0014_0058_0058.jpg 1 35 14 58 58
0225_0058_0054_0022_0022.jpg 1 58 54 22 22
0226_0010_0021_0045_0045.jpg 1 10 21 45 45
0227_0028_0018_0065_0065.jpg 1 28 18 65 65
0228_0035_0016_0060_0060.jpg 1 35 16 60 60
0229_0024_0028_0068_0068.jpg 1 24 28 68 68
0230_0031_0024_0037_0037.jpg 1 31 24 37 37
0231_0020_0057_0021_0021.jpg 1 20 57 21 21
0232_0042_0015_0044_0044.jpg 1 42 15 44 44
0233_0005_0017_0056_0056.jpg 1 5 17 56 56
0234_0029_0029_0063_0063.jpg 1 29 29 63 63
0235_0011_0028_0047_0047.jpg 1 11 28 47 47
0236_0027_0037_0037_0037.jpg 1 27 37 37 37
0237_0029_0048_0037_0037.jpg 1 29 48 37 37
0238_0025_0039_0026_0026.jpg 1 25 39 26 26
0239_0020_0024_0060_0060.jpg 1 20 24 60 60
0240_0048_0006_0039_0039.jpg 1 48 6 39 39
0241_0047_0067_0018_0018.jpg 1 47 67 18 18
0242_0026_0053_0029_0029.jpg 1 26 53 29 29
0243_0037_0049_0035_0035.jpg 1 37 49 35 35
0244_0031_0014_0043_0043.jpg 1 31 14 43 43
0245_0031_0007_0041_0041.jpg 1 31 7 41 41
0246_0066_0022_0025_0025.jpg 1 66 22 25 25
0247_0033_0021_0014_0014.jpg 1 33 21 14 14
0248_0030_0020_0053_0053.jpg 1 30 20 53 53
0249_0034_0028_0047_0047.jpg 1 34 28 47 47
0250_0036_0014_0058_0058.jpg 1 36 14 58 58
0251_0031_0052_0028_0028.jpg 1 31 52 28 28
0252_0026_0048_0028_0028.jpg 1 26 48 28 28
0253_0046_0012_0024_0024.jpg 1 46 12 24 24
0254_0023_0023_0058_0058.jpg 1 23 23 58 58
0255_0053_0042_0017_0017.jpg 1 53 42 17 17
0256_0016_0028_0048_0048.jpg 1 16 28 48 48
0257_0044_0022_0041_0041.jpg 1 44 22 41 41
0258_0055_0048_0032_0032.jpg 1 55 48 32 32
0259_0046_0029_0029_0029.jpg 1 46 29 29 29
0260_0038_0038_0036_0036.jpg 1 38 38 36 36
0261_0007_0033_0050_0050.jpg 1 7 33 50 50
0262_0034_0045_0026_0026.jpg 1 34 45 26 26
0263_0022_0024_0059_0059.jpg 1 22 24 59 59
0264_0052_0006_0039_0039.jpg 1 52 6 39 39
0265_0007_0057_0029_0029.jpg 1 7 57 29 29
0266_0011_0016_0064_0064.jpg 1 11 16 64 64
0267_0026_0012_0069_0069.jpg 1 26 12 69 69
0268_0062_0071_0015_0015.jpg 1 62 71 15 15
0269_0067_0056_0021_0021.jpg 1 67 56 21 21
0270_0016_0035_0038_0038.jpg 1 16 35 38 38
0271_0022_0010_0052_0052.jpg 1 22 10 52 52
0272_0007_0015_0053_0053.jpg 1 7 15 53 53
0273_0035_0030_0059_0059.jpg 1 35 30 59 59
0274_0010_0018_0024_0024.jpg 1 10 18 24 24
0275_0011_0031_0060_0060.jpg 1 11 31 60 60
0276_0059_0051_0022_0022.jpg 1 59 51 22 22
0277_0021_0047_0041_0041.jpg 1 21 47 41 41
0278_0024_0033_0057_0057.jpg 1 24 33 57 57
0279_0048_0009_0039_0039.jpg 1 48 9 39 39
0280_0015_0057_0015_0015.jpg 1 15 57 15 15
0281_0014_0022_0048_0048.jpg 1 14 22 48 48
0282_0032_0031_0063_0063.jpg 1 32 31 63 63
0283_0043_0023_0048_0048.jpg 1 43 23 48 48
0284_0037_0039_0056_0056.jpg 1 37 39 56 56
0285_0011_0056_0029_0029.jpg 1 11 56 29 29
0286_0054_0025_0031_0031.jpg 1 54 25 31 31
0287_0078_0036_0010_0010.jpg 1 78 36 10 10
0288_0006_0041_0050_0050.jpg 1 6 41 50 50
0289_0027_0015_0053_0053.jpg 1 27 15 53 53
0290_0008_0016_0044_0044.jpg 1 8 16 44 44
0291_0018_0030_0052_0052.jpg 1 18 30 52 52
0292_0019_0017_0047_0047.jpg 1 19 17 47 47
0293_0027_0024_0041_0041.jpg 1 27 24 41 41
0294_0034_0044_0028_0028.jpg 1 34 44 28 28
0295_0021_0018_0040_0040.jpg 1 21 18 40 40
0296_0032_0049_0043_0043.jpg 1 32 49 43 43
0297_0016_0003_0064_0064.jpg 1 16 3 64 64
0298_0061_0030_0017_0017.jpg 1 61 30 17 17
0299_0031_0031_0065_0065.jpg 1 31 31 65 65
0300_0023_0009_0055_0055.jpg 1 23 9 55 55
0301_0064_0038_0022_0022.jpg 1 64 38 22 22
0302_0021_0026_0064_0064.jpg 1 21 26 64 64
0303_0052_0062_0030_0030.jpg 1 52 62 30 30
0304_0066_0009_0015_0015.jpg 1 66 9 15 15
0305_0010_0049_0024_0024.jpg 1 10 49 24 24
0306_0010_0021_0047_0047.jpg 1 10 21 47 47
0307_0041_0025_0052_0052.jpg 1 41 25 52 52
0308_0016_0014_0066_0066.jpg 1 16 14 66 66
0309_0027_0009_0063_0063.jpg 1 27 9 63 63
0310_0063_0030_0024_0024.jpg 1 63 30 24 24
0311_0042_0021_0030_0030.jpg 1 42 21 30 30
0312_0016_0034_0052_0052.jpg 1 16 34 52 52
0313_0064_0015_0011_0011.jpg 1 64 15 11 11
0314_0035_0020_0055_0055.jpg 1 35 20 55 55
0315_0031_0005_0064_0064.jpg 1 31 5 64 64
0316_0042_0011_0013_0013.jpg 1 42 11 13 13
0317_0016_0021_0059_0059.jpg 1 16 21 59 59
0318_0014_0012_0062_0062.jpg 1 14 12 62 62
0319_0043_0025_0047_0047.jpg 1 43 25 47 47
0320_0025_0021_0029_0029.jpg 1 25 21 29 29
0321_0017_0012_0052_0052.jpg 1 17 12 52 52
0322_0023_0018_0045_0045.jpg 1 23 18 45 45
0323_0029_0010_0065_0065.jpg 1 29 10 65 65
0324_0036_0049_0037_0037.jpg 1 36 49 37 37
0325_0016_0015_0035_0035.jpg 1 16 15 35 35
0326_0018_0057_0025_0025.jpg 1 18 57 25 25
0327_0032_0042_0047_0047.jpg 1 32 42 47 47
0328_0021_0036_0025_0025.jpg 1 21 36 25 25
0329_0016_0067_0024_0024.jpg 1 16 67 24 24
0330_0029_0021_0066_0066.jpg 1 29 21 66 66
0331_0029_0020_0054_0054.jpg 1 29 20 54 54
0332_0029_0015_0035_0035.jpg 1 29 15 35 35
0333_0061_0019_0027_0027.jpg 1 61 19 27 27
0334_0026_0059_0025_0025.jpg 1 26 59 25 25
0335_0043_0036_0049_0049.jpg 1 43 36 49 49
0336_0009_0035_0044_0044.jpg 1 9 35 44 44
0337_0074_0029_0010_0010.jpg 1 74 29 10 10
0338_0023_0027_0035_0035.jpg 1 23 27 35 35
0339_0064_0064_0027_0027.jpg 1 64 64 27 27
0340_0025_0016_0068_0068.jpg 1 25 16 68 68
0341_0055_0031_0014_0014.jpg 1 55 31 14 14
0342_0006_0012_0052_0052.jpg 1 6 12 52 52
0343_0014_0008_0032_0032.jpg 1 14 8 32 32
0344_0019_0066_0025_0025.jpg 1 19 66 25 25
0345_0050_0065_0024_0024.jpg 1 50 65 24 24
0346_0008_0038_0034_0034.jpg 1 8 38 34 34
0347_0011_0032_0056_0056.jpg 1 11 32 56 56
0348_0004_0017_0067_0067.jpg 1 4 17 67 67
0349_0053_0031_0036_0036.jpg 1 53 31 36 36
0350_0021_0020_0051_0051.jpg 1 21 20 51 51
0351_0022_0031_0022_0022.jpg 1 22 31 22 22
0352_0026_0031_0054_0054.jpg 1 26 31 54 54
0353_0027_0036_0016_0016.jpg 1 27 36 16 16
0354_0041_0036_0051_0051.jpg 1 41 36 51 51
0355_0031_0013_0061_0061.jpg 1 31 13 61 61
0356_0018_0036_0043_0043.jpg 1 18 36 43 43
0357_0017_0009_0055_0055.jpg 1 17 9 55 55
0358_0045_0016_0023_0023.jpg 1 45 16 23 23
0359_0064_0050_0023_0023.jpg 1 64 50 23 23
0360_0007_0033_0033_0033.jpg 1 7 33 33 33
0361_0045_0034_0043_0043.jpg 1 45 34 43 43
0362_0020_0010_0027_0027.jpg 1 20 10 27 27
0363_0021_0015_0038_0038.jpg 1 21 15 38 38
0364_0050_0012_0040_0040.jpg 1 50 12 40 40
0365_0017_0026_0048_0048.jpg 1 17 26 48 48
0366_0011_0044_0022_0022.jpg 1 11 44 22 22
0367_0019_0037_0035_0035.jpg 1 19 37 35 35
0368_0010_0025_0042_0042.jpg 1 10 25 42 42
0369_0016_0010_0053_0053.jpg 1 16 10 53 53
0370_0005_0022_0066_0066.jpg 1 5 22 66 66
0371_0026_0043_0022_0022.jpg 1 26 43 22 22
0372_0075_0025_0014_0014.jpg 1 75 25 14 14
0373_0009_0018_0046_0046.jpg 1 9 18 46 46
0374_0008_0033_0045_0045.jpg 1 8 33 45 45
0375_0043_0025_0015_0015.jpg 1 43 25 15 15
0376_0013_0027_0059_0059.jpg 1 13 27 59 59
0377_0008_0022_0062_0062.jpg 1 8 22 62 62
0378_0034_0033_0048_0048.jpg 1 34 33 48 48
0379_0046_0035_0024_0024.jpg 1 46 35 24 24
0380_0017_0022_0047_0047.jpg 1 17 22 47 47
0381_0035_0065_0011_0011.jpg 1 35 65 11 11
0382_0003_0022_0066_0066.jpg 1 3 22 66 66
0383_0037_0010_0034_0034.jpg 1 37 10 34 34
0384_0023_0012_0058_0058.jpg 1 23 12 58 58
0385_0031_0042_0052_0052.jpg 1 31 42 52 52
0386_0032_0064_0024_0024.jpg 1 32 64 24 24
0387_0031_0040_0043_0043.jpg 1 31 40 43 43
0388_0055_0062_0024_0024.jpg 1 55 62 24 24
0389_0043_0040_0039_0039.jpg 1 43 40 39 39
0390_0029_0017_0023_0023.jpg 1 29 17 23 23
0391_0011_0014_0069_0069.jpg 1 11 14 69 69
0392_0024_0023_0054_0054.jpg 1 24 23 54 54
0393_0016_0031_0065_0065.jpg 1 16 31 65 65
0394_0047_0032_0027_0027.jpg 1 47 32 27 27
0395_0006_0016_0065_0065.jpg 1 6 16 65 65
0396_0012_0039_0036_0036.jpg 1 12 39 36 36
0397_0013_0019_0052_0052.jpg 1 13 19 52 52
0398_0009_0028_0052_0052.jpg 1 9 28 52 52
0399_0019_0050_0033_0033.jpg 1 19 50 33 33
0400_0057_0011_0022_0022.jpg 1 57 11 22 22
0401_0022_0025_0064_0064.jpg 1 22 25 64 64
0402_0035_0052_0020_0020.jpg 1 35 52 20 20
0403_0014_0026_0034_0034.jpg 1 14 26 34 34
0404_0036_0038_0051_0051.jpg 1 36 38 51 51
0405_0025_0024_0050_0050.jpg 1 25 24 50 50
0406_0013_0013_0054_0054.jpg 1 13 13 54 54
0407_0061_0009_0027_0027.jpg 1 61 9 27 27
0408_0016_0024_0053_0053.jpg 1 16 24 53 53
0409_0018_0011_0041_0041.jpg 1 18 11 41 41
0410_0011_0015_0051_0051.jpg 1 11 15 51 51
0411_0035_0044_0030_0030.jpg 1 35 44 30 30
0412_0034_0030_0060_0060.jpg 1 34 30 60 60
0413_0060_0052_0028_0028.jpg 1 60 52 28 28
0414_0013_0035_0056_0056.jpg 1 13 35 56 56
0415_0044_0029_0037_0037.jpg 1 44 29 37 37
0416_0011_0034_0062_0062.jpg 1 11 34 62 62
0417_0005_0009_0060_0060.jpg 1 5 9 60 60
0418_0019_0007_0055_0055.jpg 1 19 7 55 55
0419_0035_0023_0050_0050.jpg 1 35 23 50 50
0420_0045_0011_0016_0016.jpg 1 45 11 16 16
0421_0014_0046_0048_0048.jpg 1 14 46 48 48
0422_0039_0054_0027_0027.jpg 1 39 54 27 27
0423_0006_0005_0060_0060.jpg 1 6 5 60 60
0424_0044_0009_0039_0039.jpg 1 44 9 39 39
0425_0034_0030_0058_0058.jpg 1 34 30 58 58
0426_0055_0035_0022_0022.jpg 1 55 35 22 22
0427_0044_0021_0046_0046.jpg 1 44 21 46 46
0428_0010_0005_0062_0062.jpg 1 10 5 62 62
0429_0006_0023_0052_0052.jpg 1 6 23 52 52
0430_0016_0042_0010_0010.jpg 1 16 42 10 10
0431_0034_0077_0013_0013.jpg 1 34 77 13 13
0432_0024_0026_0068_0068.jpg 1 24 26 68 68
0433_0068_0035_0019_0019.jpg 1 68 35 19 19
0434_0027_0005_0065_0065.jpg 1 27 5 65 65
0435_0008_0038_0041_0041.jpg 1 8 38 41 41
0436_0029_0034_0049_0049.jpg 1 29 34 49 49
0437_0033_0012_0049_0049.jpg 1 33 12 49 49
0438_0011_0023_0069_0069.jpg 1 11 23 69 69
0439_0063_0066_0025_0025.jpg 1 63 66 25 25
0440_0030_0020_0046_0046.jpg 1 30 20 46 46
0441_0021_0012_0052_0052.jpg 1 21 12 52 52
0442_0024_0033_0060_0060.jpg 1 24 33 60 60
0443_0026_0015_0066_0066.jpg 1 26 15 66 66
0444_0033_0030_0062_0062.jpg 1 33 30 62 62
0445_0013_0062_0030_0030.jpg 1 13 62 30 30
0446_0011_0007_0033_0033.jpg 1 11 7 33 33
0447_0031_0022_0017_0017.jpg 1 31 22 17 17
0448_0066_0020_0022_0022.jpg 1 66 20 22 22
0449_0048_0035_0037_0037.jpg 1 48 35 37 37
0450_0030_0046_0045_0045.jpg 1 30 46 45 45
0451_0041_0043_0051_0051.jpg 1 41 43 51 51
0452_0015_0023_0052_0052.jpg 1 15 23 52 52
0453_0010_0030_0051_0051.jpg 1 10 30 51 51
0454_0019_0050_0026_0026.jpg 1 19 50 26 26
0455_0022_0029_0058_0058.jpg 1 22 29 58 58
0456_0030_0031_0021_0021.jpg 1 30 31 21 21
0457_0010_0079_0010_0010.jpg 1 10 79 10 10
0458_0038_0028_0053_0053.jpg 1 38 28 53 53
0459_0049_0011_0019_0019.jpg 1 49 11 19 19
0460_0067_0063_0024_0024.jpg 1 67 63 24 24
0461_0014_0027_0065_0065.jpg 1 14 27 65 65
0462_0046_0016_0027_0027.jpg 1 46 16 27 27
0463_0005_0016_0061_0061.jpg 1 5 16 61 61
0464_0030_0073_0018_0018.jpg 1 30 73 18 18
0465_0009_0018_0062_0062.jpg 1 9 18 62 62
0466_0023_0030_0063_0063.jpg 1 23 30 63 63
0467_0011_0023_0069_0069.jpg 1 11 23 69 69
0468_0033_0014_0052_0052.jpg 1 33 14 52 52
0469_0044_0044_0036_0036.jpg 1 44 44 36 36
0470_0011_0041_0048_0048.jpg 1 11 41 48 48
0471_0050_0030_0030_0030.jpg 1 50 30 30 30
0472_0024_0027_0024_0024.jpg 1 24 27 24 24
0473_0028_0020_0047_0047.jpg 1 28 20 47 47
0474_0022_0017_0033_0033.jpg 1 22 17 33 33
0475_0027_0035_0017_0017.jpg 1 27 35 17 17
0476_0047_0045_0025_0025.jpg 1 47 45 25 25
0477_0052_0044_0019_0019.jpg 1 52 44 19 19
0478_0036_0011_0019_0019.jpg 1 36 11 19 19
0479_0022_0045_0031_0031.jpg 1 22 45 31 31
0480_0064_0024_0026_0026.jpg 1 64 24 26 26
0481_0030_0011_0059_0059.jpg 1 30 11 59 59
0482_0003_0007_0068_0068.jpg 1 3 7 68 68
0483_0033_0035_0060_0060.jpg 1 33 35 60 60
0484_0009_0057_0017_0017.jpg 1 9 57 17 17
0485_0049_0067_0024_0024.jpg 1 49 67 24 24
0486_0014_0016_0062_0062.jpg 1 14 16 62 62
0487_0051_0048_0035_0035.jpg 1 51 48 35 35
0488_0020_0006_0060_0060.jpg 1 20 6 60 60
0489_0035_0040_0046_0046.jpg 1 35 40 46 46
0490_0038_0039_0042_0042.jpg 1 38 39 42 42
0491_0039_0026_0051_0051.jpg 1 39 26 51 51
