0001_0026_0070_0020_0020.jpg 1 26 70 20 20
0002_0037_0019_0037_0037.jpg 1 37 19 37 37
0003_0028_0033_0039_0039.jpg 1 28 33 39 39
0004_0076_0068_0010_0010.jpg 1 76 68 10 10
0005_0042_0046_0040_0040.jpg 1 42 46 40 40
0006_0057_0022_0014_0014.jpg 1 57 22 14 14
0007_0014_0047_0041_0041.jpg 1 14 47 41 41
0008_0020_0020_0055_0055.jpg 1 20 20 55 55
0009_0030_0030_0056_0056.jpg 1 30 30 56 56
0010_0016_0004_0065_0065.jpg 1 16 4 65 65
0011_0014_0007_0059_0059.jpg 1 14 7 59 59
0012_0007_0004_0067_0067.jpg 1 7 4 67 67
0013_0024_0049_0040_0040.jpg 1 24 49 40 40
0014_0027_0027_0031_0031.jpg 1 27 27 31 31
0015_0036_0025_0032_0032.jpg 1 36 25 32 32
0016_0054_0028_0020_0020.jpg 1 54 28 20 20
0017_0026_0006_0064_0064.jpg 1 26 6 64 64
0018_0043_0009_0019_0019.jpg 1 43 9 19 19
0019_0038_0027_0057_0057.jpg 1 38 27 57 57
0020_0020_0021_0067_0067.jpg 1 20 21 67 67
0021_0011_0006_0035_0035.jpg 1 11 6 35 35
0022_0008_0012_0058_0058.jpg 1 8 12 58 58
0023_0021_0024_0054_0054.jpg 1 21 24 54 54
0024_0013_0026_0069_0069.jpg 1 13 26 69 69
0025_0046_0072_0019_0019.jpg 1 46 72 19 19
0026_0068_0016_0021_0021.jpg 1 68 16 21 21
0027_0044_0056_0028_0028.jpg 1 44 56 28 28
0028_0027_0025_0027_0027.jpg 1 27 25 27 27
0029_0038_0045_0033_0033.jpg 1 38 45 33 33
0030_0018_0031_0054_0054.jpg 1 18 31 54 54
0031_0031_0072_0018_0018.jpg 1 31 72 18 18
0032_0028_0015_0027_0027.jpg 1 28 15 27 27
0033_0017_0031_0052_0052.jpg 1 17 31 52 52
0034_0024_0017_0062_0062.jpg 1 24 17 62 62
0035_0052_0059_0019_0019.jpg 1 52 59 19 19
0036_0006_0007_0054_0054.jpg 1 6 7 54 54
0037_0034_0033_0026_0026.jpg 1 34 33 26 26
0038_0065_0055_0025_0025.jpg 1 65 55 25 25
0039_0043_0032_0048_0048.jpg 1 43 32 48 48
0040_0018_0007_0068_0068.jpg 1 18 7 68 68
0041_0037_0058_0023_0023.jpg 1 37 58 23 23
0042_0044_0010_0049_0049.jpg 1 44 10 49 49
0043_0004_0031_0061_0061.jpg 1 4 31 61 61
0044_0056_0028_0025_0025.jpg 1 56 28 25 25
0045_0014_0027_0068_0068.jpg 1 14 27 68 68
0046_0013_0027_0013_0013.jpg 1 13 27 13 13
0047_0029_0042_0028_0028.jpg 1 29 42 28 28
0048_0019_0030_0060_0060.jpg 1 19 30 60 60
0049_0043_0011_0034_0034.jpg 1 43 11 34 34
0050_0074_0040_0014_0014.jpg 1 74 40 14 14
0051_0047_0057_0022_0022.jpg 1 47 57 22 22
0052_0010_0007_0066_0066.jpg 1 10 7 66 66
0053_0033_0012_0034_0034.jpg 1 33 12 34 34
0054_0009_0026_0061_0061.jpg 1 9 26 61 61
0055_0045_0033_0046_0046.jpg 1 45 33 46 46
0056_0021_0006_0069_0069.jpg 1 21 6 69 69
0057_0035_0045_0048_0048.jpg 1 35 45 48 48
0058_0038_0028_0048_0048.jpg 1 38 28 48 48
0059_0058_0018_0028_0028.jpg 1 58 18 28 28
0060_0014_0021_0069_0069.jpg 1 14 21 69 69
0061_0047_0031_0026_0026.jpg 1 47 31 26 26
0062_0034_0042_0028_0028.jpg 1 34 42 28 28
0063_0036_0032_0055_0055.jpg 1 36 32 55 55
0064_0030_0062_0023_0023.jpg 1 30 62 23 23
0065_0066_0040_0012_0012.jpg 1 66 40 12 12
0066_0059_0059_0025_0025.jpg 1 59 59 25 25
0067_0021_0067_0020_0020.jpg 1 21 67 20 20
0068_0019_0008_0066_0066.jpg 1 19 8 66 66
0069_0035_0037_0042_0042.jpg 1 35 37 42 42
0070_0024_0039_0026_0026.jpg 1 24 39 26 26
0071_0025_0036_0035_0035.jpg 1 25 36 35 35
0072_0049_0047_0030_0030.jpg 1 49 47 30 30
0073_0034_0026_0036_0036.jpg 1 34 26 36 36
0074_0012_0022_0055_0055.jpg 1 12 22 55 55
0075_0006_0006_0044_0044.jpg 1 6 6 44 44
0076_0042_0025_0014_0014.jpg 1 42 25 14 14
0077_0045_0023_0046_0046.jpg 1 45 23 46 46
0078_0018_0036_0032_0032.jpg 1 18 36 32 32
0079_0010_0057_0035_0035.jpg 1 10 57 35 35
0080_0036_0015_0037_0037.jpg 1 36 15 37 37
0081_0035_0018_0033_0033.jpg 1 35 18 33 33
0082_0018_0027_0033_0033.jpg 1 18 27 33 33
0083_0051_0011_0040_0040.jpg 1 51 11 40 40
0084_0039_0029_0031_0031.jpg 1 39 29 31 31
0085_0031_0028_0061_0061.jpg 1 31 28 61 61
0086_0051_0030_0023_0023.jpg 1 51 30 23 23
0087_0010_0005_0067_0067.jpg 1 10 5 67 67
0088_0016_0049_0026_0026.jpg 1 16 49 26 26
0089_0041_0038_0016_0016.jpg 1 41 38 16 16
0090_0033_0031_0048_0048.jpg 1 33 31 48 48
0091_0022_0032_0027_0027.jpg 1 22 32 27 27
0092_0069_0027_0022_0022.jpg 1 69 27 22 22
0093_0010_0070_0021_0021.jpg 1 10 70 21 21
0094_0006_0024_0062_0062.jpg 1 6 24 62 62
0095_0021_0012_0053_0053.jpg 1 21 12 53 53
0096_0026_0012_0066_0066.jpg 1 26 12 66 66
0097_0033_0020_0034_0034.jpg 1 33 20 34 34
0098_0058_0009_0024_0024.jpg 1 58 9 24 24
0099_0034_0041_0049_0049.jpg 1 34 41 49 49
0100_0059_0049_0028_0028.jpg 1 59 49 28 28
0101_0007_0025_0044_0044.jpg 1 7 25 44 44
0102_0049_0049_0039_0039.jpg 1 49 49 39 39
0103_0036_0018_0033_0033.jpg 1 36 18 33 33
0104_0055_0007_0029_0029.jpg 1 55 7 29 29
0105_0030_0018_0029_0029.jpg 1 30 18 29 29
0106_0078_0034_0010_0010.jpg 1 78 34 10 10
0107_0016_0031_0053_0053.jpg 1 16 31 53 53
0108_0010_0052_0028_0028.jpg 1 10 52 28 28
0109_0057_0035_0012_0012.jpg 1 57 35 12 12
0110_0029_0027_0034_0034.jpg 1 29 27 34 34
0111_0020_0073_0011_0011.jpg 1 20 73 11 11
0112_0015_0006_0053_0053.jpg 1 15 6 53 53
0113_0063_0016_0028_0028.jpg 1 63 16 28 28
0114_0019_0038_0048_0048.jpg 1 19 38 48 48
0115_0018_0007_0022_0022.jpg 1 18 7 22 22
0116_0059_0040_0027_0027.jpg 1 59 40 27 27
0117_0052_0048_0031_0031.jpg 1 52 48 31 31
0118_0025_0024_0069_0069.jpg 1 25 24 69 69
0119_0021_0024_0059_0059.jpg 1 21 24 59 59
0120_0073_0044_0016_0016.jpg 1 73 44 16 16
0121_0038_0051_0034_0034.jpg 1 38 51 34 34
0122_0016_0036_0037_0037.jpg 1 16 36 37 37
0123_0018_0031_0039_0039.jpg 1 18 31 39 39
0124_0006_0018_0068_0068.jpg 1 6 18 68 68
0125_0036_0033_0054_0054.jpg 1 36 33 54 54
0126_0024_0022_0054_0054.jpg 1 24 22 54 54
0127_0042_0033_0030_0030.jpg 1 42 33 30 30
0128_0023_0005_0058_0058.jpg 1 23 5 58 58
0129_0015_0019_0030_0030.jpg 1 15 19 30 30
0130_0068_0030_0019_0019.jpg 1 68 30 19 19
0131_0024_0012_0057_0057.jpg 1 24 12 57 57
0132_0031_0008_0048_0048.jpg 1 31 8 48 48
0133_0019_0028_0058_0058.jpg 1 19 28 58 58
0134_0047_0031_0017_0017.jpg 1 47 31 17 17
0135_0020_0034_0054_0054.jpg 1 20 34 54 54
0136_0024_0033_0061_0061.jpg 1 24 33 61 61
0137_0031_0048_0020_0020.jpg 1 31 48 20 20
0138_0028_0014_0021_0021.jpg 1 28 14 21 21
0139_0008_0019_0065_0065.jpg 1 8 19 65 65
0140_0061_0013_0025_0025.jpg 1 61 13 25 25
0141_0037_0034_0033_0033.jpg 1 37 34 33 33
0142_0055_0062_0022_0022.jpg 1 55 62 22 22
0143_0028_0034_0057_0057.jpg 1 28 34 57 57
0144_0040_0051_0011_0011.jpg 1 40 51 11 11
0145_0022_0041_0053_0053.jpg 1 22 41 53 53
0146_0024_0009_0062_0062.jpg 1 24 9 62 62
0147_0021_0008_0065_0065.jpg 1 21 8 65 65
0148_0043_0012_0048_0048.jpg 1 43 12 48 48
0149_0051_0033_0038_0038.jpg 1 51 33 38 38
0150_0014_0018_0043_0043.jpg 1 14 18 43 43
0151_0013_0025_0065_0065.jpg 1 13 25 65 65
0152_0036_0016_0059_0059.jpg 1 36 16 59 59
0153_0026_0024_0048_0048.jpg 1 26 24 48 48
0154_0052_0026_0022_0022.jpg 1 52 26 22 22
0155_0017_0051_0036_0036.jpg 1 17 51 36 36
0156_0043_0050_0017_0017.jpg 1 43 50 17 17
0157_0022_0015_0029_0029.jpg 1 22 15 29 29
0158_0017_0043_0017_0017.jpg 1 17 43 17 17
0159_0022_0048_0041_0041.jpg 1 22 48 41 41
0160_0037_0031_0026_0026.jpg 1 37 31 26 26
0161_0033_0021_0046_0046.jpg 1 33 21 46 46
0162_0011_0015_0038_0038.jpg 1 11 15 38 38
0163_0043_0027_0031_0031.jpg 1 43 27 31 31
0164_0035_0009_0042_0042.jpg 1 35 9 42 42
0165_0012_0018_0040_0040.jpg 1 12 18 40 40
0166_0027_0012_0023_0023.jpg 1 27 12 23 23
0167_0010_0024_0054_0054.jpg 1 10 24 54 54
0168_0028_0010_0017_0017.jpg 1 28 10 17 17
0169_0027_0044_0019_0019.jpg 1 27 44 19 19
0170_0011_0068_0020_0020.jpg 1 11 68 20 20
0171_0006_0009_0067_0067.jpg 1 6 9 67 67
0172_0055_0006_0037_0037.jpg 1 55 6 37 37
0173_0008_0014_0060_0060.jpg 1 8 14 60 60
0174_0018_0006_0052_0052.jpg 1 18 6 52 52
0175_0026_0035_0058_0058.jpg 1 26 35 58 58
0176_0006_0008_0053_0053.jpg 1 6 8 53 53
0177_0043_0018_0026_0026.jpg 1 43 18 26 26
0178_0008_0022_0040_0040.jpg 1 8 22 40 40
0179_0026_0021_0021_0021.jpg 1 26 21 21 21
0180_0014_0054_0011_0011.jpg 1 14 54 11 11
0181_0037_0021_0016_0016.jpg 1 37 21 16 16
0182_0010_0039_0041_0041.jpg 1 10 39 41 41
0183_0054_0033_0024_0024.jpg 1 54 33 24 24
0184_0028_0009_0061_0061.jpg 1 28 9 61 61
0185_0054_0045_0028_0028.jpg 1 54 45 28 28
0186_0033_0022_0052_0052.jpg 1 33 22 52 52
0187_0017_0009_0059_0059.jpg 1 17 9 59 59
0188_0038_0056_0025_0025.jpg 1 38 56 25 25
0189_0008_0009_0064_0064.jpg 1 8 9 64 64
0190_0042_0023_0045_0045.jpg 1 42 23 45 45
0191_0024_0014_0013_0013.jpg 1 24 14 13 13
0192_0054_0011_0039_0039.jpg 1 54 11 39 39
0193_0033_0015_0018_0018.jpg 1 33 15 18 18
0194_0060_0057_0013_0013.jpg 1 60 57 13 13
0195_0045_0063_0019_0019.jpg 1 45 63 19 19
0196_0017_0040_0053_0053.jpg 1 17 40 53 53
0197_0035_0014_0057_0057.jpg 1 35 14 57 57
0198_0026_0034_0030_0030.jpg 1 26 34 30 30
0199_0033_0069_0021_0021.jpg 1 33 69 21 21
0200_0031_0009_0059_0059.jpg 1 31 9 59 59
0201_0022_0043_0028_0028.jpg 1 22 43 28 28
0202_0007_0006_0068_0068.jpg 1 7 6 68 68
0203_0003_0017_0066_0066.jpg 1 3 17 66 66
0204_0018_0020_0068_0068.jpg 1 18 20 68 68
0205_0056_0024_0026_0026.jpg 1 56 24 26 26
0206_0039_0018_0055_0055.jpg 1 39 18 55 55
0207_0050_0076_0013_0013.jpg 1 50 76 13 13
0208_0031_0039_0053_0053.jpg 1 31 39 53 53
0209_0033_0012_0014_0014.jpg 1 33 12 14 14
0210_0025_0011_0060_0060.jpg 1 25 11 60 60
0211_0047_0024_0040_0040.jpg 1 47 24 40 40
0212_0015_0027_0029_0029.jpg 1 15 27 29 29
0213_0007_0010_0067_0067.jpg 1 7 10 67 67
0214_0046_0052_0016_0016.jpg 1 46 52 16 16
0215_0019_0023_0052_0052.jpg 1 19 23 52 52
0216_0009_0015_0040_0040.jpg 1 9 15 40 40
0217_0006_0029_0060_0060.jpg 1 6 29 60 60
0218_0031_0032_0064_0064.jpg 1 31 32 64 64
0219_0023_0024_0014_0014.jpg 1 23 24 14 14
0220_0029_0023_0019_0019.jpg 1 29 23 19 19
0221_0015_0016_0045_0045.jpg 1 15 16 45 45
0222_0028_0012_0039_0039.jpg 1 28 12 39 39
0223_0040_0036_0052_0052.jpg 1 40 36 52 52
0224_0012_0019_0013_0013.jpg 1 12 19 13 13
0225_0043_0010_0050_0050.jpg 1 43 10 50 50
0226_0017_0010_0044_0044.jpg 1 17 10 44 44
0227_0009_0022_0058_0058.jpg 1 9 22 58 58
0228_0021_0065_0027_0027.jpg 1 21 65 27 27
0229_0033_0037_0050_0050.jpg 1 33 37 50 50
0230_0011_0029_0063_0063.jpg 1 11 29 63 63
0231_0027_0030_0058_0058.jpg 1 27 30 58 58
0232_0055_0016_0037_0037.jpg 1 55 16 37 37
0233_0015_0020_0059_0059.jpg 1 15 20 59 59
0234_0013_0040_0048_0048.jpg 1 13 40 48 48
0235_0022_0061_0028_0028.jpg 1 22 61 28 28
0236_0050_0048_0039_0039.jpg 1 50 48 39 39
0237_0025_0027_0067_0067.jpg 1 25 27 67 67
0238_0032_0012_0034_0034.jpg 1 32 12 34 34
0239_0018_0064_0013_0013.jpg 1 18 64 13 13
0240_0025_0007_0068_0068.jpg 1 25 7 68 68
0241_0033_0006_0051_0051.jpg 1 33 6 51 51
0242_0034_0044_0033_0033.jpg 1 34 44 33 33
0243_0016_0030_0033_0033.jpg 1 16 30 33 33
0244_0016_0017_0065_0065.jpg 1 16 17 65 65
0245_0031_0042_0039_0039.jpg 1 31 42 39 39
0246_0019_0038_0052_0052.jpg 1 19 38 52 52
0247_0014_0030_0065_0065.jpg 1 14 30 65 65
0248_0016_0060_0021_0021.jpg 1 16 60 21 21
0249_0060_0039_0021_0021.jpg 1 60 39 21 21
0250_0015_0013_0019_0019.jpg 1 15 13 19 19
0251_0009_0027_0051_0051.jpg 1 9 27 51 51
0252_0052_0042_0033_0033.jpg 1 52 42 33 33
0253_0023_0026_0064_0064.jpg 1 23 26 64 64
0254_0009_0015_0068_0068.jpg 1 9 15 68 68
0255_0049_0044_0033_0033.jpg 1 49 44 33 33
0256_0028_0033_0043_0043.jpg 1 28 33 43 43
0257_0015_0007_0035_0035.jpg 1 15 7 35 35
0258_0043_0027_0016_0016.jpg 1 43 27 16 16
0259_0048_0021_0025_0025.jpg 1 48 21 25 25
0260_0021_0018_0064_0064.jpg 1 21 18 64 64
0261_0038_0057_0028_0028.jpg 1 38 57 28 28
0262_0023_0015_0059_0059.jpg 1 23 15 59 59
0263_0016_0020_0032_0032.jpg 1 16 20 32 32
0264_0026_0028_0061_0061.jpg 1 26 28 61 61
0265_0015_0015_0045_0045.jpg 1 15 15 45 45
0266_0039_0051_0037_0037.jpg 1 39 51 37 37
0267_0009_0015_0039_0039.jpg 1 9 15 39 39
0268_0039_0021_0048_0048.jpg 1 39 21 48 48
0269_0007_0024_0049_0049.jpg 1 7 24 49 49
0270_0008_0008_0065_0065.jpg 1 8 8 65 65
0271_0023_0028_0057_0057.jpg 1 23 28 57 57
0272_0014_0012_0066_0066.jpg 1 14 12 66 66
0273_0037_0022_0027_0027.jpg 1 37 22 27 27
0274_0025_0012_0054_0054.jpg 1 25 12 54 54
0275_0044_0018_0046_0046.jpg 1 44 18 46 46
0276_0023_0012_0022_0022.jpg 1 23 12 22 22
0277_0017_0014_0059_0059.jpg 1 17 14 59 59
0278_0052_0010_0029_0029.jpg 1 52 10 29 29
0279_0013_0049_0039_0039.jpg 1 13 49 39 39
0280_0033_0048_0013_0013.jpg 1 33 48 13 13
0281_0028_0038_0053_0053.jpg 1 28 38 53 53
0282_0037_0049_0040_0040.jpg 1 37 49 40 40
0283_0048_0041_0027_0027.jpg 1 48 41 27 27
0284_0030_0046_0015_0015.jpg 1 30 46 15 15
0285_0054_0047_0039_0039.jpg 1 54 47 39 39
0286_0010_0042_0016_0016.jpg 1 10 42 16 16
0287_0009_0020_0043_0043.jpg 1 9 20 43 43
0288_0041_0021_0054_0054.jpg 1 41 21 54 54
0289_0050_0053_0025_0025.jpg 1 50 53 25 25
0290_0023_0008_0040_0040.jpg 1 23 8 40 40
0291_0025_0024_0043_0043.jpg 1 25 24 43 43
0292_0016_0055_0018_0018.jpg 1 16 55 18 18
0293_0038_0053_0035_0035.jpg 1 38 53 35 35
0294_0019_0037_0058_0058.jpg 1 19 37 58 58
0295_0021_0018_0041_0041.jpg 1 21 18 41 41
0296_0039_0013_0034_0034.jpg 1 39 13 34 34
0297_0053_0053_0023_0023.jpg 1 53 53 23 23
0298_0039_0005_0054_0054.jpg 1 39 5 54 54
0299_0024_0014_0031_0031.jpg 1 24 14 31 31
0300_0021_0006_0066_0066.jpg 1 21 6 66 66
0301_0021_0026_0037_0037.jpg 1 21 26 37 37
0302_0011_0017_0069_0069.jpg 1 11 17 69 69
0303_0020_0010_0044_0044.jpg 1 20 10 44 44
0304_0021_0040_0041_0041.jpg 1 21 40 41 41
0305_0046_0007_0034_0034.jpg 1 46 7 34 34
0306_0037_0043_0033_0033.jpg 1 37 43 33 33
0307_0025_0012_0056_0056.jpg 1 25 12 56 56
0308_0009_0029_0056_0056.jpg 1 9 29 56 56
0309_0009_0029_0035_0035.jpg 1 9 29 35 35
0310_0074_0042_0013_0013.jpg 1 74 42 13 13
0311_0019_0023_0038_0038.jpg 1 19 23 38 38
0312_0031_0025_0030_0030.jpg 1 31 25 30 30
0313_0074_0016_0013_0013.jpg 1 74 16 13 13
0314_0052_0037_0041_0041.jpg 1 52 37 41 41
0315_0018_0036_0024_0024.jpg 1 18 36 24 24
0316_0050_0058_0022_0022.jpg 1 50 58 22 22
0317_0008_0029_0067_0067.jpg 1 8 29 67 67
0318_0020_0022_0034_0034.jpg 1 20 22 34 34
0319_0034_0021_0058_0058.jpg 1 34 21 58 58
0320_0025_0007_0030_0030.jpg 1 25 7 30 30
0321_0056_0065_0018_0018.jpg 1 56 65 18 18
0322_0042_0026_0049_0049.jpg 1 42 26 49 49
0323_0008_0013_0067_0067.jpg 1 8 13 67 67
0324_0023_0034_0060_0060.jpg 1 23 34 60 60
0325_0060_0051_0026_0026.jpg 1 60 51 26 26
0326_0046_0019_0047_0047.jpg 1 46 19 47 47
0327_0019_0034_0051_0051.jpg 1 19 34 51 51
0328_0071_0038_0013_0013.jpg 1 71 38 13 13
0329_0009_0036_0053_0053.jpg 1 9 36 53 53
0330_0017_0020_0069_0069.jpg 1 17 20 69 69
0331_0028_0005_0057_0057.jpg 1 28 5 57 57
0332_0014_0044_0040_0040.jpg 1 14 44 40 40
0333_0049_0014_0043_0043.jpg 1 49 14 43 43
0334_0060_0024_0010_0010.jpg 1 60 24 10 10
0335_0012_0008_0060_0060.jpg 1 12 8 60 60
0336_0029_0042_0016_0016.jpg 1 29 42 16 16
0337_0030_0005_0046_0046.jpg 1 30 5 46 46
0338_0028_0043_0034_0034.jpg 1 28 43 34 34
0339_0012_0035_0029_0029.jpg 1 12 35 29 29
0340_0007_0011_0067_0067.jpg 1 7 11 67 67
0341_0021_0012_0048_0048.jpg 1 21 12 48 48
0342_0018_0014_0053_0053.jpg 1 18 14 53 53
0343_0041_0036_0048_0048.jpg 1 41 36 48 48
0344_0021_0035_0045_0045.jpg 1 21 35 45 45
0345_0023_0024_0048_0048.jpg 1 23 24 48 48
0346_0050_0037_0013_0013.jpg 1 50 37 13 13
0347_0029_0048_0035_0035.jpg 1 29 48 35 35
0348_0028_0012_0056_0056.jpg 1 28 12 56 56
0349_0021_0026_0033_0033.jpg 1 21 26 33 33
0350_0027_0031_0011_0011.jpg 1 27 31 11 11
0351_0067_0064_0016_0016.jpg 1 67 64 16 16
0352_0055_0052_0019_0019.jpg 1 55 52 19 19
0353_0011_0039_0044_0044.jpg 1 11 39 44 44
0354_0008_0068_0021_0021.jpg 1 8 68 21 21
0355_0030_0064_0018_0018.jpg 1 30 64 18 18
0356_0005_0026_0065_0065.jpg 1 5 26 65 65
0357_0054_0051_0022_0022.jpg 1 54 51 22 22
0358_0029_0045_0028_0028.jpg 1 29 45 28 28
0359_0037_0006_0054_0054.jpg 1 37 6 54 54
0360_0047_0034_0019_0019.jpg 1 47 34 19 19
0361_0050_0028_0023_0023.jpg 1 50 28 23 23
0362_0049_0055_0032_0032.jpg 1 49 55 32 32
0363_0047_0043_0030_0030.jpg 1 47 43 30 30
0364_0040_0040_0048_0048.jpg 1 40 40 48 48
0365_0024_0013_0067_0067.jpg 1 24 13 67 67
0366_0014_0064_0026_0026.jpg 1 14 64 26 26
0367_0045_0016_0038_0038.jpg 1 45 16 38 38
0368_0039_0047_0027_0027.jpg 1 39 47 27 27
0369_0044_0022_0046_0046.jpg 1 44 22 46 46
0370_0007_0014_0043_0043.jpg 1 7 14 43 43
0371_0027_0011_0066_0066.jpg 1 27 11 66 66
0372_0078_0075_0011_0011.jpg 1 78 75 11 11
0373_0050_0011_0036_0036.jpg 1 50 11 36 36
0374_0011_0021_0050_0050.jpg 1 11 21 50 50
0375_0032_0028_0058_0058.jpg 1 32 28 58 58
0376_0050_0062_0022_0022.jpg 1 50 62 22 22
0377_0014_0022_0065_0065.jpg 1 14 22 65 65
0378_0018_0039_0032_0032.jpg 1 18 39 32 32
0379_0030_0053_0013_0013.jpg 1 30 53 13 13
0380_0044_0062_0013_0013.jpg 1 44 62 13 13
0381_0033_0016_0062_0062.jpg 1 33 16 62 62
0382_0005_0039_0054_0054.jpg 1 5 39 54 54
0383_0049_0016_0044_0044.jpg 1 49 16 44 44
0384_0012_0027_0044_0044.jpg 1 12 27 44 44
0385_0037_0025_0056_0056.jpg 1 37 25 56 56
0386_0045_0030_0042_0042.jpg 1 45 30 42 42
0387_0032_0005_0049_0049.jpg 1 32 5 49 49
0388_0005_0005_0064_0064.jpg 1 5 5 64 64
0389_0010_0072_0010_0010.jpg 1 10 72 10 10
0390_0040_0009_0034_0034.jpg 1 40 9 34 34
0391_0042_0037_0052_0052.jpg 1 42 37 52 52
0392_0057_0066_0022_0022.jpg 1 57 66 22 22
0393_0051_0029_0017_0017.jpg 1 51 29 17 17
0394_0014_0047_0046_0046.jpg 1 14 47 46 46
0395_0058_0017_0035_0035.jpg 1 58 17 35 35
0396_0040_0023_0037_0037.jpg 1 40 23 37 37
0397_0013_0062_0011_0011.jpg 1 13 62 11 11
0398_0022_0022_0052_0052.jpg 1 22 22 52 52
0399_0057_0056_0014_0014.jpg 1 57 56 14 14
0400_0068_0061_0019_0019.jpg 1 68 61 19 19
0401_0027_0017_0042_0042.jpg 1 27 17 42 42
0402_0010_0062_0030_0030.jpg 1 10 62 30 30
0403_0059_0022_0014_0014.jpg 1 59 22 14 14
0404_0036_0042_0022_0022.jpg 1 36 42 22 22
0405_0004_0020_0066_0066.jpg 1 4 20 66 66
0406_0030_0015_0044_0044.jpg 1 30 15 44 44
0407_0011_0009_0065_0065.jpg 1 11 9 65 65
0408_0021_0021_0057_0057.jpg 1 21 21 57 57
0409_0034_0023_0038_0038.jpg 1 34 23 38 38
0410_0026_0044_0037_0037.jpg 1 26 44 37 37
0411_0042_0020_0018_0018.jpg 1 42 20 18 18
0412_0024_0012_0069_0069.jpg 1 24 12 69 69
0413_0048_0008_0024_0024.jpg 1 48 8 24 24
0414_0013_0011_0013_0013.jpg 1 13 11 13 13
0415_0072_0062_0018_0018.jpg 1 72 62 18 18
0416_0021_0015_0016_0016.jpg 1 21 15 16 16
0417_0048_0029_0038_0038.jpg 1 48 29 38 38
0418_0016_0043_0041_0041.jpg 1 16 43 41 41
0419_0009_0006_0041_0041.jpg 1 9 6 41 41
0420_0064_0026_0026_0026.jpg 1 64 26 26 26
0421_0026_0027_0066_0066.jpg 1 26 27 66 66
0422_0026_0034_0049_0049.jpg 1 26 34 49 49
0423_0022_0017_0055_0055.jpg 1 22 17 55 55
0424_0012_0011_0056_0056.jpg 1 12 11 56 56
0425_0023_0024_0055_0055.jpg 1 23 24 55 55
0426_0070_0027_0021_0021.jpg 1 70 27 21 21
0427_0019_0036_0042_0042.jpg 1 19 36 42 42
0428_0045_0039_0039_0039.jpg 1 45 39 39 39
0429_0026_0005_0068_0068.jpg 1 26 5 68 68
0430_0011_0025_0041_0041.jpg 1 11 25 41 41
0431_0035_0033_0058_0058.jpg 1 35 33 58 58
0432_0016_0010_0042_0042.jpg 1 16 10 42 42
0433_0048_0019_0030_0030.jpg 1 48 19 30 30
0434_0014_0025_0029_0029.jpg 1 14 25 29 29
0435_0008_0016_0036_0036.jpg 1 8 16 36 36
0436_0019_0045_0029_0029.jpg 1 19 45 29 29
0437_0014_0042_0050_0050.jpg 1 14 42 50 50
0438_0021_0014_0051_0051.jpg 1 21 14 51 51
0439_0018_0028_0040_0040.jpg 1 18 28 40 40
0440_0029_0016_0041_0041.jpg 1 29 16 41 41
0441_0024_0031_0034_0034.jpg 1 24 31 34 34
0442_0034_0044_0039_0039.jpg 1 34 44 39 39
0443_0014_0037_0052_0052.jpg 1 14 37 52 52
0444_0020_0015_0012_0012.jpg 1 20 15 12 12
0445_0018_0016_0060_0060.jpg 1 18 16 60 60
0446_0054_0027_0020_0020.jpg 1 54 27 20 20
0447_0052_0052_0033_0033.jpg 1 52 52 33 33
0448_0004_0015_0058_0058.jpg 1 4 15 58 58
0449_0012_0007_0029_0029.jpg 1 12 7 29 29
0450_0043_0041_0028_0028.jpg 1 43 41 28 28
0451_0022_0035_0042_0042.jpg 1 22 35 42 42
0452_0013_0034_0053_0053.jpg 1 13 34 53 53
0453_0039_0053_0020_0020.jpg 1 39 53 20 20
0454_0031_0013_0023_0023.jpg 1 31 13 23 23
0455_0044_0054_0020_0020.jpg 1 44 54 20 20
0456_0020_0057_0022_0022.jpg 1 20 57 22 22
0457_0050_0048_0027_0027.jpg 1 50 48 27 27
0458_0018_0022_0056_0056.jpg 1 18 22 56 56
0459_0049_0048_0043_0043.jpg 1 49 48 43 43
0460_0044_0027_0036_0036.jpg 1 44 27 36 36
0461_0045_0010_0030_0030.jpg 1 45 10 30 30
0462_0015_0036_0057_0057.jpg 1 15 36 57 57
0463_0039_0065_0017_0017.jpg 1 39 65 17 17
0464_0035_0045_0044_0044.jpg 1 35 45 44 44
0465_0009_0025_0061_0061.jpg 1 9 25 61 61
0466_0005_0009_0056_0056.jpg 1 5 9 56 56
0467_0051_0038_0017_0017.jpg 1 51 38 17 17
0468_0032_0035_0031_0031.jpg 1 32 35 31 31
0469_0008_0034_0031_0031.jpg 1 8 34 31 31
0470_0022_0034_0052_0052.jpg 1 22 34 52 52
0471_0021_0035_0042_0042.jpg 1 21 35 42 42
0472_0009_0017_0036_0036.jpg 1 9 17 36 36
0473_0062_0038_0024_0024.jpg 1 62 38 24 24
0474_0024_0062_0022_0022.jpg 1 24 62 22 22
0475_0071_0055_0016_0016.jpg 1 71 55 16 16
0476_0024_0019_0057_0057.jpg 1 24 19 57 57
0477_0019_0052_0019_0019.jpg 1 19 52 19 19
0478_0045_0055_0035_0035.jpg 1 45 55 35 35
0479_0034_0016_0054_0054.jpg 1 34 16 54 54
0480_0008_0034_0033_0033.jpg 1 8 34 33 33
0481_0028_0010_0044_0044.jpg 1 28 10 44 44
0482_0044_0034_0039_0039.jpg 1 44 34 39 39
0483_0034_0022_0026_0026.jpg 1 34 22 26 26
0484_0025_0020_0037_0037.jpg 1 25 20 37 37
0485_0016_0004_0056_0056.jpg 1 16 4 56 56
0486_0023_0030_0063_0063.jpg 1 23 30 63 63
0487_0008_0011_0055_0055.jpg 1 8 11 55 55
0488_0047_0018_0019_0019.jpg 1 47 18 19 19
0489_0053_0020_0038_0038.jpg 1 53 20 38 38
0490_0020_0060_0028_0028.jpg 1 20 60 28 28
0491_0007_0034_0059_0059.jpg 1 7 34 59 59
