0001_0007_0050_0028_0028.jpg 1 7 50 28 28
0002_0045_0013_0019_0019.jpg 1 45 13 19 19
0003_0021_0050_0033_0033.jpg 1 21 50 33 33
0004_0025_0012_0010_0010.jpg 1 25 12 10 10
0005_0012_0029_0041_0041.jpg 1 12 29 41 41
0006_0032_0011_0062_0062.jpg 1 32 11 62 62
0007_0055_0019_0016_0016.jpg 1 55 19 16 16
0008_0010_0013_0028_0028.jpg 1 10 13 28 28
0009_0040_0015_0016_0016.jpg 1 40 15 16 16
0010_0009_0023_0058_0058.jpg 1 9 23 58 58
0011_0004_0005_0066_0066.jpg 1 4 5 66 66
0012_0032_0037_0056_0056.jpg 1 32 37 56 56
0013_0068_0049_0017_0017.jpg 1 68 49 17 17
0014_0030_0012_0038_0038.jpg 1 30 12 38 38
0015_0012_0037_0039_0039.jpg 1 12 37 39 39
0016_0017_0006_0034_0034.jpg 1 17 6 34 34
0017_0026_0048_0027_0027.jpg 1 26 48 27 27
0018_0060_0017_0020_0020.jpg 1 60 17 20 20
0019_0040_0019_0023_0023.jpg 1 40 19 23 23
0020_0028_0007_0060_0060.jpg 1 28 7 60 60
0021_0034_0039_0051_0051.jpg 1 34 39 51 51
0022_0030_0033_0062_0062.jpg 1 30 33 62 62
0023_0017_0005_0057_0057.jpg 1 17 5 57 57
0024_0005_0033_0055_0055.jpg 1 5 33 55 55
0025_0048_0040_0014_0014.jpg 1 48 40 14 14
0026_0049_0056_0021_0021.jpg 1 49 56 21 21
0027_0011_0017_0069_0069.jpg 1 11 17 69 69
0028_0025_0040_0017_0017.jpg 1 25 40 17 17
0029_0008_0035_0032_0032.jpg 1 8 35 32 32
0030_0016_0024_0069_0069.jpg 1 16 24 69 69
0031_0035_0012_0026_0026.jpg 1 35 12 26 26
0032_0045_0025_0014_0014.jpg 1 45 25 14 14
0033_0052_0015_0014_0014.jpg 1 52 15 14 14
0034_0021_0007_0066_0066.jpg 1 21 7 66 66
0035_0009_0011_0067_0067.jpg 1 9 11 67 67
0036_0056_0041_0032_0032.jpg 1 56 41 32 32
0037_0026_0055_0036_0036.jpg 1 26 55 36 36
0038_0026_0029_0060_0060.jpg 1 26 29 60 60
0039_0068_0063_0010_0010.jpg 1 68 63 10 10
0040_0033_0018_0054_0054.jpg 1 33 18 54 54
0041_0049_0054_0015_0015.jpg 1 49 54 15 15
0042_0051_0017_0035_0035.jpg 1 51 17 35 35
0043_0017_0075_0015_0015.jpg 1 17 75 15 15
0044_0036_0025_0024_0024.jpg 1 36 25 24 24
0045_0039_0007_0036_0036.jpg 1 39 7 36 36
0046_0023_0009_0010_0010.jpg 1 23 9 10 10
0047_0006_0034_0061_0061.jpg 1 6 34 61 61
0048_0017_0045_0044_0044.jpg 1 17 45 44 44
0049_0041_0043_0047_0047.jpg 1 41 43 47 47
0050_0023_0019_0052_0052.jpg 1 23 19 52 52
0051_0051_0041_0017_0017.jpg 1 51 41 17 17
0052_0032_0021_0044_0044.jpg 1 32 21 44 44
0053_0009_0012_0045_0045.jpg 1 9 12 45 45
0054_0039_0039_0039_0039.jpg 1 39 39 39 39
0055_0017_0032_0019_0019.jpg 1 17 32 19 19
0056_0029_0015_0060_0060.jpg 1 29 15 60 60
0057_0020_0028_0041_0041.jpg 1 20 28 41 41
0058_0029_0008_0034_0034.jpg 1 29 8 34 34
0059_0060_0034_0016_0016.jpg 1 60 34 16 16
0060_0017_0034_0041_0041.jpg 1 17 34 41 41
0061_0027_0050_0020_0020.jpg 1 27 50 20 20
0062_0033_0062_0018_0018.jpg 1 33 62 18 18
0063_0009_0028_0016_0016.jpg 1 9 28 16 16
0064_0035_0010_0033_0033.jpg 1 35 10 33 33
0065_0035_0010_0057_0057.jpg 1 35 10 57 57
0066_0005_0013_0065_0065.jpg 1 5 13 65 65
0067_0023_0048_0017_0017.jpg 1 23 48 17 17
0068_0050_0018_0014_0014.jpg 1 50 18 14 14
0069_0020_0030_0050_0050.jpg 1 20 30 50 50
0070_0034_0011_0052_0052.jpg 1 34 11 52 52
0071_0041_0061_0027_0027.jpg 1 41 61 27 27
0072_0024_0027_0041_0041.jpg 1 24 27 41 41
0073_0029_0022_0059_0059.jpg 1 29 22 59 59
0074_0060_0056_0031_0031.jpg 1 60 56 31 31
0075_0021_0031_0050_0050.jpg 1 21 31 50 50
0076_0028_0059_0015_0015.jpg 1 28 59 15 15
0077_0015_0023_0060_0060.jpg 1 15 23 60 60
0078_0011_0007_0055_0055.jpg 1 11 7 55 55
0079_0075_0027_0011_0011.jpg 1 75 27 11 11
0080_0033_0035_0057_0057.jpg 1 33 35 57 57
0081_0045_0056_0029_0029.jpg 1 45 56 29 29
0082_0034_0015_0033_0033.jpg 1 34 15 33 33
0083_0048_0034_0045_0045.jpg 1 48 34 45 45
0084_0018_0032_0048_0048.jpg 1 18 32 48 48
0085_0033_0038_0025_0025.jpg 1 33 38 25 25
0086_0014_0024_0052_0052.jpg 1 14 24 52 52
0087_0018_0047_0035_0035.jpg 1 18 47 35 35
0088_0025_0032_0039_0039.jpg 1 25 32 39 39
0089_0048_0066_0012_0012.jpg 1 48 66 12 12
0090_0041_0034_0023_0023.jpg 1 41 34 23 23
0091_0032_0024_0055_0055.jpg 1 32 24 55 55
0092_0005_0032_0063_0063.jpg 1 5 32 63 63
0093_0026_0042_0043_0043.jpg 1 26 42 43 43
0094_0006_0026_0064_0064.jpg 1 6 26 64 64
0095_0045_0037_0040_0040.jpg 1 45 37 40 40
0096_0036_0049_0018_0018.jpg 1 36 49 18 18
0097_0062_0051_0024_0024.jpg 1 62 51 24 24
0098_0027_0014_0043_0043.jpg 1 27 14 43 43
0099_0008_0024_0051_0051.jpg 1 8 24 51 51
0100_0043_0034_0050_0050.jpg 1 43 34 50 50
0101_0044_0071_0017_0017.jpg 1 44 71 17 17
0102_0057_0035_0032_0032.jpg 1 57 35 32 32
0103_0049_0028_0016_0016.jpg 1 49 28 16 16
0104_0005_0029_0063_0063.jpg 1 5 29 63 63
0105_0040_0048_0041_0041.jpg 1 40 48 41 41
0106_0040_0036_0047_0047.jpg 1 40 36 47 47
0107_0013_0006_0047_0047.jpg 1 13 6 47 47
0108_0051_0020_0016_0016.jpg 1 51 20 16 16
0109_0020_0048_0020_0020.jpg 1 20 48 20 20
0110_0018_0020_0064_0064.jpg 1 18 20 64 64
0111_0039_0016_0045_0045.jpg 1 39 16 45 45
0112_0012_0027_0047_0047.jpg 1 12 27 47 47
0113_0019_0007_0048_0048.jpg 1 19 7 48 48
0114_0024_0007_0064_0064.jpg 1 24 7 64 64
0115_0041_0043_0019_0019.jpg 1 41 43 19 19
0116_0019_0025_0055_0055.jpg 1 19 25 55 55
0117_0017_0005_0062_0062.jpg 1 17 5 62 62
0118_0019_0021_0067_0067.jpg 1 19 21 67 67
0119_0054_0015_0032_0032.jpg 1 54 15 32 32
0120_0033_0012_0059_0059.jpg 1 33 12 59 59
0121_0016_0029_0058_0058.jpg 1 16 29 58 58
0122_0007_0021_0064_0064.jpg 1 7 21 64 64
0123_0021_0019_0057_0057.jpg 1 21 19 57 57
0124_0038_0044_0032_0032.jpg 1 38 44 32 32
0125_0050_0022_0015_0015.jpg 1 50 22 15 15
0126_0064_0064_0012_0012.jpg 1 64 64 12 12
0127_0047_0031_0047_0047.jpg 1 47 31 47 47
0128_0016_0019_0035_0035.jpg 1 16 19 35 35
0129_0034_0025_0049_0049.jpg 1 34 25 49 49
0130_0048_0075_0015_0015.jpg 1 48 75 15 15
0131_0007_0026_0061_0061.jpg 1 7 26 61 61
0132_0035_0030_0051_0051.jpg 1 35 30 51 51
0133_0036_0053_0019_0019.jpg 1 36 53 19 19
0134_0036_0008_0046_0046.jpg 1 36 8 46 46
0135_0055_0043_0027_0027.jpg 1 55 43 27 27
0136_0005_0024_0050_0050.jpg 1 5 24 50 50
0137_0047_0056_0037_0037.jpg 1 47 56 37 37
0138_0008_0019_0062_0062.jpg 1 8 19 62 62
0139_0047_0009_0044_0044.jpg 1 47 9 44 44
0140_0008_0012_0044_0044.jpg 1 8 12 44 44
0141_0065_0056_0019_0019.jpg 1 65 56 19 19
0142_0019_0057_0017_0017.jpg 1 19 57 17 17
0143_0027_0010_0025_0025.jpg 1 27 10 25 25
0144_0010_0029_0065_0065.jpg 1 10 29 65 65
0145_0015_0074_0013_0013.jpg 1 15 74 13 13
0146_0012_0008_0050_0050.jpg 1 12 8 50 50
0147_0034_0056_0019_0019.jpg 1 34 56 19 19
0148_0007_0021_0046_0046.jpg 1 7 21 46 46
0149_0075_0059_0010_0010.jpg 1 75 59 10 10
0150_0020_0013_0064_0064.jpg 1 20 13 64 64
0151_0063_0062_0014_0014.jpg 1 63 62 14 14
0152_0007_0023_0050_0050.jpg 1 7 23 50 50
0153_0013_0022_0046_0046.jpg 1 13 22 46 46
0154_0042_0034_0051_0051.jpg 1 42 34 51 51
0155_0044_0031_0032_0032.jpg 1 44 31 32 32
0156_0030_0015_0055_0055.jpg 1 30 15 55 55
0157_0047_0044_0017_0017.jpg 1 47 44 17 17
0158_0032_0050_0039_0039.jpg 1 32 50 39 39
0159_0011_0013_0043_0043.jpg 1 11 13 43 43
0160_0015_0029_0054_0054.jpg 1 15 29 54 54
0161_0017_0029_0048_0048.jpg 1 17 29 48 48
0162_0013_0016_0050_0050.jpg 1 13 16 50 50
0163_0034_0040_0023_0023.jpg 1 34 40 23 23
0164_0052_0025_0021_0021.jpg 1 52 25 21 21
0165_0054_0021_0032_0032.jpg 1 54 21 32 32
0166_0041_0058_0015_0015.jpg 1 41 58 15 15
0167_0036_0021_0017_0017.jpg 1 36 21 17 17
0168_0037_0037_0053_0053.jpg 1 37 37 53 53
0169_0010_0032_0044_0044.jpg 1 10 32 44 44
0170_0027_0017_0062_0062.jpg 1 27 17 62 62
0171_0021_0014_0047_0047.jpg 1 21 14 47 47
0172_0060_0062_0029_0029.jpg 1 60 62 29 29
0173_0020_0025_0032_0032.jpg 1 20 25 32 32
0174_0046_0075_0013_0013.jpg 1 46 75 13 13
0175_0038_0014_0031_0031.jpg 1 38 14 31 31
0176_0046_0022_0034_0034.jpg 1 46 22 34 34
0177_0039_0052_0040_0040.jpg 1 39 52 40 40
0178_0028_0009_0065_0065.jpg 1 28 9 65 65
0179_0016_0038_0051_0051.jpg 1 16 38 51 51
0180_0050_0036_0042_0042.jpg 1 50 36 42 42
0181_0038_0053_0020_0020.jpg 1 38 53 20 20
0182_0060_0012_0018_0018.jpg 1 60 12 18 18
0183_0012_0022_0043_0043.jpg 1 12 22 43 43
0184_0054_0011_0029_0029.jpg 1 54 11 29 29
0185_0046_0034_0026_0026.jpg 1 46 34 26 26
0186_0020_0028_0064_0064.jpg 1 20 28 64 64
0187_0025_0037_0018_0018.jpg 1 25 37 18 18
0188_0015_0038_0041_0041.jpg 1 15 38 41 41
0189_0018_0017_0038_0038.jpg 1 18 17 38 38
0190_0009_0006_0051_0051.jpg 1 9 6 51 51
0191_0014_0038_0039_0039.jpg 1 14 38 39 39
0192_0016_0045_0042_0042.jpg 1 16 45 42 42
0193_0063_0031_0015_0015.jpg 1 63 31 15 15
0194_0017_0043_0017_0017.jpg 1 17 43 17 17
0195_0073_0064_0018_0018.jpg 1 73 64 18 18
0196_0035_0035_0054_0054.jpg 1 35 35 54 54
0197_0031_0042_0027_0027.jpg 1 31 42 27 27
0198_0009_0029_0056_0056.jpg 1 9 29 56 56
0199_0013_0029_0066_0066.jpg 1 13 29 66 66
0200_0034_0024_0041_0041.jpg 1 34 24 41 41
0201_0010_0029_0049_0049.jpg 1 10 29 49 49
0202_0033_0027_0011_0011.jpg 1 33 27 11 11
0203_0033_0017_0048_0048.jpg 1 33 17 48 48
0204_0006_0023_0068_0068.jpg 1 6 23 68 68
0205_0024_0010_0055_0055.jpg 1 24 10 55 55
0206_0053_0048_0031_0031.jpg 1 53 48 31 31
0207_0038_0032_0055_0055.jpg 1 38 32 55 55
0208_0039_0019_0047_0047.jpg 1 39 19 47 47
0209_0011_0014_0027_0027.jpg 1 11 14 27 27
0210_0005_0029_0064_0064.jpg 1 5 29 64 64
0211_0029_0006_0064_0064.jpg 1 29 6 64 64
0212_0034_0043_0042_0042.jpg 1 34 43 42 42
0213_0031_0029_0040_0040.jpg 1 31 29 40 40
0214_0011_0008_0062_0062.jpg 1 11 8 62 62
0215_0043_0046_0039_0039.jpg 1 43 46 39 39
0216_0028_0010_0061_0061.jpg 1 28 10 61 61
0217_0020_0005_0067_0067.jpg 1 20 5 67 67
0218_0016_0014_0064_0064.jpg 1 16 14 64 64
0219_0042_0017_0036_0036.jpg 1 42 17 36 36
0220_0049_0018_0013_0013.jpg 1 49 18 13 13
0221_0026_0005_0065_0065.jpg 1 26 5 65 65
0222_0015_0028_0066_0066.jpg 1 15 28 66 66
0223_0019_0011_0054_0054.jpg 1 19 11 54 54
0224_0047_0014_0046_0046.jpg 1 47 14 46 46
0225_0036_0016_0045_0045.jpg 1 36 16 45 45
0226_0078_0051_0011_0011.jpg 1 78 51 11 11
0227_0009_0050_0041_0041.jpg 1 9 50 41 41
0228_0024_0012_0013_0013.jpg 1 24 12 13 13
0229_0062_0026_0017_0017.jpg 1 62 26 17 17
0230_0040_0025_0055_0055.jpg 1 40 25 55 55
0231_0030_0034_0044_0044.jpg 1 30 34 44 44
0232_0029_0047_0016_0016.jpg 1 29 47 16 16
0233_0012_0011_0066_0066.jpg 1 12 11 66 66
0234_0016_0065_0012_0012.jpg 1 16 65 12 12
0235_0028_0007_0064_0064.jpg 1 28 7 64 64
0236_0038_0015_0030_0030.jpg 1 38 15 30 30
0237_0018_0014_0059_0059.jpg 1 18 14 59 59
0238_0030_0020_0017_0017.jpg 1 30 20 17 17
0239_0019_0030_0032_0032.jpg 1 19 30 32 32
0240_0032_0012_0044_0044.jpg 1 32 12 44 44
0241_0031_0049_0011_0011.jpg 1 31 49 11 11
0242_0046_0016_0046_0046.jpg 1 46 16 46 46
0243_0013_0027_0055_0055.jpg 1 13 27 55 55
0244_0007_0023_0061_0061.jpg 1 7 23 61 61
0245_0050_0014_0019_0019.jpg 1 50 14 19 19
0246_0006_0012_0059_0059.jpg 1 6 12 59 59
0247_0026_0020_0049_0049.jpg 1 26 20 49 49
0248_0055_0025_0030_0030.jpg 1 55 25 30 30
0249_0025_0023_0049_0049.jpg 1 25 23 49 49
0250_0014_0065_0013_0013.jpg 1 14 65 13 13
0251_0025_0024_0060_0060.jpg 1 25 24 60 60
0252_0040_0028_0036_0036.jpg 1 40 28 36 36
0253_0018_0035_0058_0058.jpg 1 18 35 58 58
0254_0053_0010_0014_0014.jpg 1 53 10 14 14
0255_0004_0015_0066_0066.jpg 1 4 15 66 66
0256_0016_0020_0067_0067.jpg 1 16 20 67 67
0257_0027_0010_0065_0065.jpg 1 27 10 65 65
0258_0038_0038_0021_0021.jpg 1 38 38 21 21
0259_0006_0025_0069_0069.jpg 1 6 25 69 69
0260_0025_0050_0033_0033.jpg 1 25 50 33 33
0261_0005_0014_0053_0053.jpg 1 5 14 53 53
0262_0007_0038_0051_0051.jpg 1 7 38 51 51
0263_0057_0018_0013_0013.jpg 1 57 18 13 13
0264_0004_0007_0064_0064.jpg 1 4 7 64 64
0265_0044_0048_0023_0023.jpg 1 44 48 23 23
0266_0017_0018_0069_0069.jpg 1 17 18 69 69
0267_0032_0063_0022_0022.jpg 1 32 63 22 22
0268_0057_0044_0021_0021.jpg 1 57 44 21 21
0269_0007_0032_0053_0053.jpg 1 7 32 53 53
0270_0031_0025_0017_0017.jpg 1 31 25 17 17
0271_0043_0007_0038_0038.jpg 1 43 7 38 38
0272_0021_0014_0035_0035.jpg 1 21 14 35 35
0273_0015_0027_0055_0055.jpg 1 15 27 55 55
0274_0030_0025_0060_0060.jpg 1 30 25 60 60
0275_0027_0010_0024_0024.jpg 1 27 10 24 24
0276_0032_0007_0027_0027.jpg 1 32 7 27 27
0277_0021_0059_0012_0012.jpg 1 21 59 12 12
0278_0031_0010_0048_0048.jpg 1 31 10 48 48
0279_0012_0061_0016_0016.jpg 1 12 61 16 16
0280_0046_0018_0036_0036.jpg 1 46 18 36 36
0281_0037_0035_0050_0050.jpg 1 37 35 50 50
0282_0020_0009_0055_0055.jpg 1 20 9 55 55
0283_0015_0033_0010_0010.jpg 1 15 33 10 10
0284_0031_0022_0051_0051.jpg 1 31 22 51 51
0285_0037_0046_0016_0016.jpg 1 37 46 16 16
0286_0039_0035_0055_0055.jpg 1 39 35 55 55
0287_0029_0006_0041_0041.jpg 1 29 6 41 41
0288_0053_0042_0014_0014.jpg 1 53 42 14 14
0289_0037_0046_0012_0012.jpg 1 37 46 12 12
0290_0010_0010_0066_0066.jpg 1 10 10 66 66
0291_0033_0033_0015_0015.jpg 1 33 33 15 15
0292_0077_0017_0011_0011.jpg 1 77 17 11 11
0293_0020_0020_0034_0034.jpg 1 20 20 34 34
0294_0012_0010_0068_0068.jpg 1 12 10 68 68
0295_0021_0063_0021_0021.jpg 1 21 63 21 21
0296_0030_0007_0046_0046.jpg 1 30 7 46 46
0297_0018_0017_0057_0057.jpg 1 18 17 57 57
0298_0047_0029_0034_0034.jpg 1 47 29 34 34
0299_0006_0051_0041_0041.jpg 1 6 51 41 41
0300_0033_0026_0054_0054.jpg 1 33 26 54 54
0301_0016_0025_0036_0036.jpg 1 16 25 36 36
0302_0008_0024_0067_0067.jpg 1 8 24 67 67
0303_0015_0050_0011_0011.jpg 1 15 50 11 11
0304_0009_0045_0045_0045.jpg 1 9 45 45 45
0305_0045_0014_0047_0047.jpg 1 45 14 47 47
0306_0055_0031_0016_0016.jpg 1 55 31 16 16
0307_0013_0049_0028_0028.jpg 1 13 49 28 28
0308_0030_0024_0032_0032.jpg 1 30 24 32 32
0309_0014_0013_0061_0061.jpg 1 14 13 61 61
0310_0035_0029_0052_0052.jpg 1 35 29 52 52
0311_0017_0022_0033_0033.jpg 1 17 22 33 33
0312_0056_0021_0017_0017.jpg 1 56 21 17 17
0313_0037_0031_0044_0044.jpg 1 37 31 44 44
0314_0035_0011_0040_0040.jpg 1 35 11 40 40
0315_0045_0011_0022_0022.jpg 1 45 11 22 22
0316_0032_0037_0052_0052.jpg 1 32 37 52 52
0317_0069_0014_0017_0017.jpg 1 69 14 17 17
0318_0035_0035_0055_0055.jpg 1 35 35 55 55
0319_0024_0063_0014_0014.jpg 1 24 63 14 14
0320_0016_0028_0034_0034.jpg 1 16 28 34 34
0321_0068_0020_0023_0023.jpg 1 68 20 23 23
0322_0076_0046_0013_0013.jpg 1 76 46 13 13
0323_0041_0009_0025_0025.jpg 1 41 9 25 25
0324_0068_0049_0011_0011.jpg 1 68 49 11 11
0325_0009_0023_0015_0015.jpg 1 9 23 15 15
0326_0008_0013_0044_0044.jpg 1 8 13 44 44
0327_0006_0008_0048_0048.jpg 1 6 8 48 48
0328_0026_0013_0064_0064.jpg 1 26 13 64 64
0329_0012_0025_0047_0047.jpg 1 12 25 47 47
0330_0052_0032_0022_0022.jpg 1 52 32 22 22
0331_0029_0044_0016_0016.jpg 1 29 44 16 16
0332_0018_0044_0025_0025.jpg 1 18 44 25 25
0333_0035_0031_0036_0036.jpg 1 35 31 36 36
0334_0049_0008_0039_0039.jpg 1 49 8 39 39
0335_0043_0016_0046_0046.jpg 1 43 16 46 46
0336_0025_0005_0069_0069.jpg 1 25 5 69 69
0337_0043_0041_0044_0044.jpg 1 43 41 44 44
0338_0016_0030_0058_0058.jpg 1 16 30 58 58
0339_0006_0027_0063_0063.jpg 1 6 27 63 63
0340_0034_0023_0031_0031.jpg 1 34 23 31 31
0341_0024_0055_0017_0017.jpg 1 24 55 17 17
0342_0029_0009_0063_0063.jpg 1 29 9 63 63
0343_0013_0028_0068_0068.jpg 1 13 28 68 68
0344_0014_0024_0067_0067.jpg 1 14 24 67 67
0345_0033_0015_0060_0060.jpg 1 33 15 60 60
0346_0005_0009_0063_0063.jpg 1 5 9 63 63
0347_0019_0007_0062_0062.jpg 1 19 7 62 62
0348_0071_0030_0018_0018.jpg 1 71 30 18 18
0349_0029_0067_0018_0018.jpg 1 29 67 18 18
0350_0016_0024_0062_0062.jpg 1 16 24 62 62
0351_0013_0027_0063_0063.jpg 1 13 27 63 63
0352_0043_0006_0046_0046.jpg 1 43 6 46 46
0353_0025_0013_0045_0045.jpg 1 25 13 45 45
0354_0037_0010_0056_0056.jpg 1 37 10 56 56
0355_0008_0040_0023_0023.jpg 1 8 40 23 23
0356_0006_0037_0054_0054.jpg 1 6 37 54 54
0357_0010_0047_0037_0037.jpg 1 10 47 37 37
0358_0026_0042_0020_0020.jpg 1 26 42 20 20
0359_0030_0017_0057_0057.jpg 1 30 17 57 57
0360_0046_0025_0029_0029.jpg 1 46 25 29 29
0361_0020_0027_0056_0056.jpg 1 20 27 56 56
0362_0022_0040_0012_0012.jpg 1 22 40 12 12
0363_0010_0011_0048_0048.jpg 1 10 11 48 48
0364_0005_0013_0066_0066.jpg 1 5 13 66 66
0365_0015_0038_0026_0026.jpg 1 15 38 26 26
0366_0012_0048_0039_0039.jpg 1 12 48 39 39
0367_0007_0030_0049_0049.jpg 1 7 30 49 49
0368_0015_0030_0010_0010.jpg 1 15 30 10 10
0369_0014_0044_0045_0045.jpg 1 14 44 45 45
0370_0015_0045_0019_0019.jpg 1 15 45 19 19
0371_0032_0018_0043_0043.jpg 1 32 18 43 43
0372_0010_0045_0021_0021.jpg 1 10 45 21 21
0373_0009_0025_0069_0069.jpg 1 9 25 69 69
0374_0030_0035_0058_0058.jpg 1 30 35 58 58
0375_0055_0017_0015_0015.jpg 1 55 17 15 15
0376_0043_0041_0051_0051.jpg 1 43 41 51 51
0377_0012_0047_0028_0028.jpg 1 12 47 28 28
0378_0015_0054_0032_0032.jpg 1 15 54 32 32
0379_0041_0021_0044_0044.jpg 1 41 21 44 44
0380_0019_0040_0027_0027.jpg 1 19 40 27 27
0381_0009_0012_0065_0065.jpg 1 9 12 65 65
0382_0010_0022_0064_0064.jpg 1 10 22 64 64
0383_0010_0023_0059_0059.jpg 1 10 23 59 59
0384_0037_0036_0033_0033.jpg 1 37 36 33 33
0385_0017_0020_0069_0069.jpg 1 17 20 69 69
0386_0008_0024_0058_0058.jpg 1 8 24 58 58
0387_0011_0017_0021_0021.jpg 1 11 17 21 21
0388_0013_0023_0059_0059.jpg 1 13 23 59 59
0389_0013_0007_0062_0062.jpg 1 13 7 62 62
0390_0049_0036_0032_0032.jpg 1 49 36 32 32
0391_0021_0053_0025_0025.jpg 1 21 53 25 25
0392_0009_0027_0058_0058.jpg 1 9 27 58 58
0393_0048_0044_0032_0032.jpg 1 48 44 32 32
0394_0007_0014_0066_0066.jpg 1 7 14 66 66
0395_0030_0019_0051_0051.jpg 1 30 19 51 51
0396_0018_0024_0066_0066.jpg 1 18 24 66 66
0397_0042_0042_0048_0048.jpg 1 42 42 48 48
0398_0058_0065_0024_0024.jpg 1 58 65 24 24
0399_0012_0008_0054_0054.jpg 1 12 8 54 54
0400_0072_0071_0016_0016.jpg 1 72 71 16 16
0401_0048_0034_0044_0044.jpg 1 48 34 44 44
0402_0008_0025_0032_0032.jpg 1 8 25 32 32
0403_0046_0060_0021_0021.jpg 1 46 60 21 21
0404_0032_0043_0010_0010.jpg 1 32 43 10 10
0405_0051_0015_0036_0036.jpg 1 51 15 36 36
0406_0008_0030_0056_0056.jpg 1 8 30 56 56
0407_0029_0006_0061_0061.jpg 1 29 6 61 61
0408_0040_0017_0040_0040.jpg 1 40 17 40 40
0409_0029_0042_0046_0046.jpg 1 29 42 46 46
0410_0012_0024_0064_0064.jpg 1 12 24 64 64
0411_0033_0031_0050_0050.jpg 1 33 31 50 50
0412_0015_0016_0049_0049.jpg 1 15 16 49 49
0413_0027_0017_0064_0064.jpg 1 27 17 64 64
0414_0031_0039_0040_0040.jpg 1 31 39 40 40
0415_0046_0021_0027_0027.jpg 1 46 21 27 27
0416_0014_0026_0055_0055.jpg 1 14 26 55 55
0417_0075_0058_0011_0011.jpg 1 75 58 11 11
0418_0018_0006_0060_0060.jpg 1 18 6 60 60
0419_0009_0008_0064_0064.jpg 1 9 8 64 64
0420_0004_0015_0059_0059.jpg 1 4 15 59 59
0421_0012_0021_0021_0021.jpg 1 12 21 21 21
0422_0016_0008_0064_0064.jpg 1 16 8 64 64
0423_0036_0059_0033_0033.jpg 1 36 59 33 33
0424_0041_0012_0027_0027.jpg 1 41 12 27 27
0425_0048_0020_0039_0039.jpg 1 48 20 39 39
0426_0028_0024_0066_0066.jpg 1 28 24 66 66
0427_0030_0028_0049_0049.jpg 1 30 28 49 49
0428_0024_0024_0066_0066.jpg 1 24 24 66 66
0429_0052_0037_0029_0029.jpg 1 52 37 29 29
0430_0070_0040_0021_0021.jpg 1 70 40 21 21
0431_0047_0012_0035_0035.jpg 1 47 12 35 35
0432_0014_0023_0031_0031.jpg 1 14 23 31 31
0433_0007_0040_0026_0026.jpg 1 7 40 26 26
0434_0032_0058_0032_0032.jpg 1 32 58 32 32
0435_0022_0038_0036_0036.jpg 1 22 38 36 36
0436_0033_0009_0012_0012.jpg 1 33 9 12 12
0437_0039_0030_0049_0049.jpg 1 39 30 49 49
0438_0025_0014_0061_0061.jpg 1 25 14 61 61
0439_0005_0037_0050_0050.jpg 1 5 37 50 50
0440_0008_0033_0057_0057.jpg 1 8 33 57 57
0441_0011_0021_0045_0045.jpg 1 11 21 45 45
0442_0048_0020_0044_0044.jpg 1 48 20 44 44
0443_0055_0077_0010_0010.jpg 1 55 77 10 10
0444_0026_0034_0044_0044.jpg 1 26 34 44 44
0445_0013_0039_0048_0048.jpg 1 13 39 48 48
0446_0019_0055_0017_0017.jpg 1 19 55 17 17
0447_0056_0036_0021_0021.jpg 1 56 36 21 21
0448_0016_0008_0057_0057.jpg 1 16 8 57 57
0449_0018_0032_0021_0021.jpg 1 18 32 21 21
0450_0027_0054_0011_0011.jpg 1 27 54 11 11
0451_0013_0025_0059_0059.jpg 1 13 25 59 59
0452_0017_0008_0056_0056.jpg 1 17 8 56 56
0453_0009_0006_0067_0067.jpg 1 9 6 67 67
0454_0006_0042_0046_0046.jpg 1 6 42 46 46
0455_0074_0032_0015_0015.jpg 1 74 32 15 15
0456_0039_0009_0036_0036.jpg 1 39 9 36 36
0457_0028_0028_0061_0061.jpg 1 28 28 61 61
0458_0024_0057_0021_0021.jpg 1 24 57 21 21
0459_0032_0031_0051_0051.jpg 1 32 31 51 51
0460_0020_0015_0062_0062.jpg 1 20 15 62 62
0461_0031_0003_0064_0064.jpg 1 31 3 64 64
0462_0010_0011_0065_0065.jpg 1 10 11 65 65
0463_0058_0015_0033_0033.jpg 1 58 15 33 33
0464_0014_0032_0043_0043.jpg 1 14 32 43 43
0465_0007_0014_0037_0037.jpg 1 7 14 37 37
0466_0006_0021_0064_0064.jpg 1 6 21 64 64
0467_0027_0024_0058_0058.jpg 1 27 24 58 58
0468_0025_0007_0065_0065.jpg 1 25 7 65 65
0469_0011_0054_0030_0030.jpg 1 11 54 30 30
0470_0035_0050_0032_0032.jpg 1 35 50 32 32
0471_0007_0025_0045_0045.jpg 1 7 25 45 45
0472_0059_0032_0010_0010.jpg 1 59 32 10 10
0473_0042_0027_0036_0036.jpg 1 42 27 36 36
0474_0028_0058_0032_0032.jpg 1 28 58 32 32
0475_0033_0061_0012_0012.jpg 1 33 61 12 12
0476_0019_0015_0056_0056.jpg 1 19 15 56 56
0477_0011_0015_0063_0063.jpg 1 11 15 63 63
0478_0023_0006_0058_0058.jpg 1 23 6 58 58
0479_0043_0008_0030_0030.jpg 1 43 8 30 30
0480_0019_0018_0059_0059.jpg 1 19 18 59 59
0481_0046_0054_0036_0036.jpg 1 46 54 36 36
0482_0009_0005_0060_0060.jpg 1 9 5 60 60
0483_0039_0033_0049_0049.jpg 1 39 33 49 49
0484_0025_0029_0065_0065.jpg 1 25 29 65 65
0485_0034_0012_0033_0033.jpg 1 34 12 33 33
0486_0017_0072_0016_0016.jpg 1 17 72 16 16
0487_0043_0014_0044_0044.jpg 1 43 14 44 44
0488_0022_0025_0060_0060.jpg 1 22 25 60 60
0489_0008_0006_0069_0069.jpg 1 8 6 69 69
0490_0035_0017_0050_0050.jpg 1 35 17 50 50
0491_0035_0017_0039_0039.jpg 1 35 17 39 39
