0001_0041_0007_0038_0038.jpg 1 41 7 38 38
0002_0020_0031_0062_0062.jpg 1 20 31 62 62
0003_0024_0007_0058_0058.jpg 1 24 7 58 58
0004_0012_0031_0011_0011.jpg 1 12 31 11 11
0005_0008_0037_0045_0045.jpg 1 8 37 45 45
0006_0029_0037_0057_0057.jpg 1 29 37 57 57
0007_0054_0020_0034_0034.jpg 1 54 20 34 34
0008_0009_0052_0031_0031.jpg 1 9 52 31 31
0009_0010_0038_0015_0015.jpg 1 10 38 15 15
0010_0022_0028_0067_0067.jpg 1 22 28 67 67
0011_0019_0004_0065_0065.jpg 1 19 4 65 65
0012_0023_0017_0020_0020.jpg 1 23 17 20 20
0013_0025_0058_0021_0021.jpg 1 25 58 21 21
0014_0025_0012_0055_0055.jpg 1 25 12 55 55
0015_0015_0006_0045_0045.jpg 1 15 6 45 45
0016_0026_0048_0036_0036.jpg 1 26 48 36 36
0017_0018_0010_0013_0013.jpg 1 18 10 13 13
0018_0005_0010_0059_0059.jpg 1 5 10 59 59
0019_0039_0012_0036_0036.jpg 1 39 12 36 36
0020_0026_0005_0058_0058.jpg 1 26 5 58 58
0021_0037_0051_0011_0011.jpg 1 37 51 11 11
0022_0039_0018_0056_0056.jpg 1 39 18 56 56
0023_0033_0039_0021_0021.jpg 1 33 39 21 21
0024_0022_0008_0067_0067.jpg 1 22 8 67 67
0025_0031_0032_0049_0049.jpg 1 31 32 49 49
0026_0009_0026_0045_0045.jpg 1 9 26 45 45
0027_0036_0025_0016_0016.jpg 1 36 25 16 16
0028_0013_0025_0053_0053.jpg 1 13 25 53 53
0029_0056_0059_0027_0027.jpg 1 56 59 27 27
0030_0032_0030_0060_0060.jpg 1 32 30 60 60
0031_0050_0030_0041_0041.jpg 1 50 30 41 41
0032_0049_0057_0021_0021.jpg 1 49 57 21 21
0033_0007_0014_0030_0030.jpg 1 7 14 30 30
0034_0016_0020_0065_0065.jpg 1 16 20 65 65
0035_0009_0036_0045_0045.jpg 1 9 36 45 45
0036_0060_0043_0022_0022.jpg 1 60 43 22 22
0037_0014_0011_0062_0062.jpg 1 14 11 62 62
0038_0024_0013_0053_0053.jpg 1 24 13 53 53
0039_0019_0010_0030_0030.jpg 1 19 10 30 30
0040_0004_0019_0063_0063.jpg 1 4 19 63 63
0041_0028_0024_0059_0059.jpg 1 28 24 59 59
0042_0019_0056_0019_0019.jpg 1 19 56 19 19
0043_0074_0039_0014_0014.jpg 1 74 39 14 14
0044_0034_0019_0055_0055.jpg 1 34 19 55 55
0045_0031_0024_0047_0047.jpg 1 31 24 47 47
0046_0043_0033_0041_0041.jpg 1 43 33 41 41
0047_0063_0056_0024_0024.jpg 1 63 56 24 24
0048_0022_0034_0019_0019.jpg 1 22 34 19 19
0049_0039_0008_0041_0041.jpg 1 39 8 41 41
0050_0040_0024_0051_0051.jpg 1 40 24 51 51
0051_0032_0025_0020_0020.jpg 1 32 25 20 20
0052_0013_0017_0050_0050.jpg 1 13 17 50 50
0053_0054_0025_0031_0031.jpg 1 54 25 31 31
0054_0023_0032_0047_0047.jpg 1 23 32 47 47
0055_0068_0020_0021_0021.jpg 1 68 20 21 21
0056_0042_0035_0043_0043.jpg 1 42 35 43 43
0057_0015_0020_0055_0055.jpg 1 15 20 55 55
0058_0016_0010_0056_0056.jpg 1 16 10 56 56
0059_0010_0008_0040_0040.jpg 1 10 8 40 40
0060_0012_0009_0020_0020.jpg 1 12 9 20 20
0061_0020_0014_0033_0033.jpg 1 20 14 33 33
0062_0006_0010_0067_0067.jpg 1 6 10 67 67
0063_0018_0012_0054_0054.jpg 1 18 12 54 54
0064_0027_0004_0065_0065.jpg 1 27 4 65 65
0065_0035_0019_0058_0058.jpg 1 35 19 58 58
0066_0057_0036_0020_0020.jpg 1 57 36 20 20
0067_0012_0016_0061_0061.jpg 1 12 16 61 61
0068_0016_0047_0042_0042.jpg 1 16 47 42 42
0069_0017_0015_0066_0066.jpg 1 17 15 66 66
0070_0020_0036_0039_0039.jpg 1 20 36 39 39
0071_0054_0036_0037_0037.jpg 1 54 36 37 37
0072_0017_0015_0044_0044.jpg 1 17 15 44 44
0073_0042_0044_0045_0045.jpg 1 42 44 45 45
0074_0004_0008_0065_0065.jpg 1 4 8 65 65
0075_0020_0010_0066_0066.jpg 1 20 10 66 66
0076_0028_0009_0025_0025.jpg 1 28 9 25 25
0077_0049_0036_0041_0041.jpg 1 49 36 41 41
0078_0024_0039_0025_0025.jpg 1 24 39 25 25
0079_0023_0031_0058_0058.jpg 1 23 31 58 58
0080_0019_0009_0058_0058.jpg 1 19 9 58 58
0081_0023_0016_0068_0068.jpg 1 23 16 68 68
0082_0022_0008_0067_0067.jpg 1 22 8 67 67
0083_0009_0043_0040_0040.jpg 1 9 43 40 40
0084_0004_0022_0062_0062.jpg 1 4 22 62 62
0085_0072_0011_0019_0019.jpg 1 72 11 19 19
0086_0030_0031_0049_0049.jpg 1 30 31 49 49
0087_0006_0004_0068_0068.jpg 1 6 4 68 68
0088_0007_0032_0063_0063.jpg 1 7 32 63 63
0089_0033_0021_0022_0022.jpg 1 33 21 22 22
0090_0007_0031_0052_0052.jpg 1 7 31 52 52
0091_0027_0032_0036_0036.jpg 1 27 32 36 36
0092_0051_0050_0035_0035.jpg 1 51 50 35 35
0093_0023_0008_0065_0065.jpg 1 23 8 65 65
0094_0041_0041_0048_0048.jpg 1 41 41 48 48
0095_0037_0044_0045_0045.jpg 1 37 44 45 45
0096_0013_0030_0063_0063.jpg 1 13 30 63 63
0097_0036_0034_0020_0020.jpg 1 36 34 20 20
0098_0007_0013_0023_0023.jpg 1 7 13 23 23
0099_0028_0046_0032_0032.jpg 1 28 46 32 32
0100_0013_0027_0053_0053.jpg 1 13 27 53 53
0101_0037_0041_0025_0025.jpg 1 37 41 25 25
0102_0006_0014_0064_0064.jpg 1 6 14 64 64
0103_0039_0062_0017_0017.jpg 1 39 62 17 17
0104_0036_0071_0011_0011.jpg 1 36 71 11 11
0105_0021_0038_0022_0022.jpg 1 21 38 22 22
0106_0017_0012_0061_0061.jpg 1 17 12 61 61
0107_0038_0009_0028_0028.jpg 1 38 9 28 28
0108_0055_0050_0037_0037.jpg 1 55 50 37 37
0109_0009_0028_0046_0046.jpg 1 9 28 46 46
0110_0028_0019_0051_0051.jpg 1 28 19 51 51
0111_0064_0027_0022_0022.jpg 1 64 27 22 22
0112_0009_0032_0057_0057.jpg 1 9 32 57 57
0113_0019_0010_0038_0038.jpg 1 19 10 38 38
0114_0006_0012_0069_0069.jpg 1 6 12 69 69
0115_0018_0032_0053_0053.jpg 1 18 32 53 53
0116_0015_0053_0010_0010.jpg 1 15 53 10 10
0117_0009_0055_0033_0033.jpg 1 9 55 33 33
0118_0012_0039_0055_0055.jpg 1 12 39 55 55
0119_0052_0024_0022_0022.jpg 1 52 24 22 22
0120_0036_0033_0055_0055.jpg 1 36 33 55 55
0121_0014_0025_0024_0024.jpg 1 14 25 24 24
0122_0049_0054_0029_0029.jpg 1 49 54 29 29
0123_0048_0028_0042_0042.jpg 1 48 28 42 42
0124_0020_0006_0051_0051.jpg 1 20 6 51 51
0125_0035_0030_0032_0032.jpg 1 35 30 32 32
0126_0013_0030_0062_0062.jpg 1 13 30 62 62
0127_0051_0061_0029_0029.jpg 1 51 61 29 29
0128_0019_0023_0034_0034.jpg 1 19 23 34 34
0129_0014_0027_0063_0063.jpg 1 14 27 63 63
0130_0014_0033_0044_0044.jpg 1 14 33 44 44
0131_0025_0031_0062_0062.jpg 1 25 31 62 62
0132_0010_0017_0016_0016.jpg 1 10 17 16 16
0133_0008_0015_0060_0060.jpg 1 8 15 60 60
0134_0038_0024_0021_0021.jpg 1 38 24 21 21
0135_0015_0007_0058_0058.jpg 1 15 7 58 58
0136_0033_0010_0037_0037.jpg 1 33 10 37 37
0137_0047_0010_0046_0046.jpg 1 47 10 46 46
0138_0007_0023_0037_0037.jpg 1 7 23 37 37
0139_0035_0071_0017_0017.jpg 1 35 71 17 17
0140_0009_0015_0064_0064.jpg 1 9 15 64 64
0141_0035_0010_0040_0040.jpg 1 35 10 40 40
0142_0021_0007_0059_0059.jpg 1 21 7 59 59
0143_0015_0027_0051_0051.jpg 1 15 27 51 51
0144_0026_0009_0062_0062.jpg 1 26 9 62 62
0145_0027_0030_0040_0040.jpg 1 27 30 40 40
0146_0009_0021_0056_0056.jpg 1 9 21 56 56
0147_0008_0017_0068_0068.jpg 1 8 17 68 68
0148_0042_0010_0045_0045.jpg 1 42 10 45 45
0149_0031_0012_0064_0064.jpg 1 31 12 64 64
0150_0029_0058_0034_0034.jpg 1 29 58 34 34
0151_0008_0011_0050_0050.jpg 1 8 11 50 50
0152_0020_0020_0065_0065.jpg 1 20 20 65 65
0153_0013_0043_0049_0049.jpg 1 13 43 49 49
0154_0026_0035_0047_0047.jpg 1 26 35 47 47
0155_0018_0049_0037_0037.jpg 1 18 49 37 37
0156_0029_0025_0049_0049.jpg 1 29 25 49 49
0157_0016_0012_0052_0052.jpg 1 16 12 52 52
0158_0022_0026_0052_0052.jpg 1 22 26 52 52
0159_0030_0036_0013_0013.jpg 1 30 36 13 13
0160_0035_0009_0050_0050.jpg 1 35 9 50 50
0161_0033_0033_0055_0055.jpg 1 33 33 55 55
0162_0015_0038_0055_0055.jpg 1 15 38 55 55
0163_0014_0015_0018_0018.jpg 1 14 15 18 18
0164_0030_0008_0031_0031.jpg 1 30 8 31 31
0165_0051_0009_0032_0032.jpg 1 51 9 32 32
0166_0048_0044_0044_0044.jpg 1 48 44 44 44
0167_0057_0049_0018_0018.jpg 1 57 49 18 18
0168_0037_0007_0052_0052.jpg 1 37 7 52 52
0169_0026_0005_0069_0069.jpg 1 26 5 69 69
0170_0058_0063_0013_0013.jpg 1 58 63 13 13
0171_0019_0017_0041_0041.jpg 1 19 17 41 41
0172_0029_0043_0040_0040.jpg 1 29 43 40 40
0173_0016_0039_0020_0020.jpg 1 16 39 20 20
0174_0029_0028_0055_0055.jpg 1 29 28 55 55
0175_0047_0037_0045_0045.jpg 1 47 37 45 45
0176_0015_0029_0049_0049.jpg 1 15 29 49 49
0177_0040_0006_0047_0047.jpg 1 40 6 47 47
0178_0010_0047_0017_0017.jpg 1 10 47 17 17
0179_0048_0044_0039_0039.jpg 1 48 44 39 39
0180_0034_0049_0023_0023.jpg 1 34 49 23 23
0181_0038_0016_0033_0033.jpg 1 38 16 33 33
0182_0063_0018_0025_0025.jpg 1 63 18 25 25
0183_0035_0056_0019_0019.jpg 1 35 56 19 19
0184_0012_0035_0019_0019.jpg 1 12 35 19 19
0185_0014_0035_0039_0039.jpg 1 14 35 39 39
0186_0023_0062_0010_0010.jpg 1 23 62 10 10
0187_0039_0016_0012_0012.jpg 1 39 16 12 12
0188_0065_0059_0018_0018.jpg 1 65 59 18 18
0189_0049_0035_0042_0042.jpg 1 49 35 42 42
0190_0013_0007_0066_0066.jpg 1 13 7 66 66
0191_0025_0039_0040_0040.jpg 1 25 39 40 40
0192_0010_0040_0046_0046.jpg 1 10 40 46 46
0193_0034_0015_0010_0010.jpg 1 34 15 10 10
0194_0035_0036_0057_0057.jpg 1 35 36 57 57
0195_0031_0035_0041_0041.jpg 1 31 35 41 41
0196_0017_0017_0052_0052.jpg 1 17 17 52 52
0197_0031_0036_0038_0038.jpg 1 31 36 38 38
0198_0046_0028_0037_0037.jpg 1 46 28 37 37
0199_0034_0034_0054_0054.jpg 1 34 34 54 54
0200_0039_0069_0017_0017.jpg 1 39 69 17 17
0201_0017_0029_0020_0020.jpg 1 17 29 20 20
0202_0004_0019_0056_0056.jpg 1 4 19 56 56
0203_0056_0013_0023_0023.jpg 1 56 13 23 23
0204_0007_0007_0060_0060.jpg 1 7 7 60 60
0205_0056_0020_0027_0027.jpg 1 56 20 27 27
0206_0013_0022_0033_0033.jpg 1 13 22 33 33
0207_0043_0048_0021_0021.jpg 1 43 48 21 21
0208_0039_0039_0054_0054.jpg 1 39 39 54 54
0209_0029_0026_0066_0066.jpg 1 29 26 66 66
0210_0044_0018_0046_0046.jpg 1 44 18 46 46
0211_0043_0045_0028_0028.jpg 1 43 45 28 28
0212_0050_0033_0042_0042.jpg 1 50 33 42 42
0213_0024_0024_0064_0064.jpg 1 24 24 64 64
0214_0008_0019_0062_0062.jpg 1 8 19 62 62
0215_0057_0054_0015_0015.jpg 1 57 54 15 15
0216_0019_0025_0069_0069.jpg 1 19 25 69 69
0217_0025_0009_0055_0055.jpg 1 25 9 55 55
0218_0017_0033_0059_0059.jpg 1 17 33 59 59
0219_0018_0008_0027_0027.jpg 1 18 8 27 27
0220_0011_0030_0066_0066.jpg 1 11 30 66 66
0221_0010_0025_0063_0063.jpg 1 10 25 63 63
0222_0031_0026_0046_0046.jpg 1 31 26 46 46
0223_0045_0036_0043_0043.jpg 1 45 36 43 43
0224_0046_0033_0019_0019.jpg 1 46 33 19 19
0225_0052_0026_0030_0030.jpg 1 52 26 30 30
0226_0034_0020_0038_0038.jpg 1 34 20 38 38
0227_0018_0050_0022_0022.jpg 1 18 50 22 22
0228_0009_0015_0050_0050.jpg 1 9 15 50 50
0229_0038_0035_0054_0054.jpg 1 38 35 54 54
0230_0007_0049_0030_0030.jpg 1 7 49 30 30
0231_0051_0039_0033_0033.jpg 1 51 39 33 33
0232_0027_0022_0055_0055.jpg 1 27 22 55 55
0233_0017_0026_0061_0061.jpg 1 17 26 61 61
0234_0003_0012_0069_0069.jpg 1 3 12 69 69
0235_0025_0041_0028_0028.jpg 1 25 41 28 28
0236_0067_0023_0024_0024.jpg 1 67 23 24 24
0237_0043_0029_0051_0051.jpg 1 43 29 51 51
0238_0067_0015_0011_0011.jpg 1 67 15 11 11
0239_0039_0017_0037_0037.jpg 1 39 17 37 37
0240_0029_0025_0057_0057.jpg 1 29 25 57 57
0241_0044_0023_0050_0050.jpg 1 44 23 50 50
0242_0021_0033_0055_0055.jpg 1 21 33 55 55
0243_0028_0018_0053_0053.jpg 1 28 18 53 53
0244_0012_0010_0025_0025.jpg 1 12 10 25 25
0245_0043_0008_0046_0046.jpg 1 43 8 46 46
0246_0057_0068_0023_0023.jpg 1 57 68 23 23
0247_0026_0030_0066_0066.jpg 1 26 30 66 66
0248_0046_0010_0022_0022.jpg 1 46 10 22 22
0249_0029_0017_0058_0058.jpg 1 29 17 58 58
0250_0059_0039_0031_0031.jpg 1 59 39 31 31
0251_0017_0011_0058_0058.jpg 1 17 11 58 58
0252_0050_0038_0041_0041.jpg 1 50 38 41 41
0253_0051_0052_0027_0027.jpg 1 51 52 27 27
0254_0032_0022_0032_0032.jpg 1 32 22 32 32
0255_0034_0030_0038_0038.jpg 1 34 30 38 38
0256_0037_0017_0045_0045.jpg 1 37 17 45 45
0257_0040_0057_0035_0035.jpg 1 40 57 35 35
0258_0042_0021_0048_0048.jpg 1 42 21 48 48
0259_0072_0061_0019_0019.jpg 1 72 61 19 19
0260_0034_0016_0059_0059.jpg 1 34 16 59 59
0261_0020_0059_0029_0029.jpg 1 20 59 29 29
0262_0015_0043_0044_0044.jpg 1 15 43 44 44
0263_0021_0025_0069_0069.jpg 1 21 25 69 69
0264_0060_0023_0014_0014.jpg 1 60 23 14 14
0265_0026_0065_0018_0018.jpg 1 26 65 18 18
0266_0018_0023_0049_0049.jpg 1 18 23 49 49
0267_0026_0003_0065_0065.jpg 1 26 3 65 65
0268_0029_0009_0033_0033.jpg 1 29 9 33 33
0269_0070_0037_0015_0015.jpg 1 70 37 15 15
0270_0022_0045_0034_0034.jpg 1 22 45 34 34
0271_0065_0017_0027_0027.jpg 1 65 17 27 27
0272_0028_0034_0019_0019.jpg 1 28 34 19 19
0273_0058_0016_0027_0027.jpg 1 58 16 27 27
0274_0046_0048_0041_0041.jpg 1 46 48 41 41
0275_0065_0070_0011_0011.jpg 1 65 70 11 11
0276_0041_0050_0033_0033.jpg 1 41 50 33 33
0277_0036_0011_0023_0023.jpg 1 36 11 23 23
0278_0023_0021_0064_0064.jpg 1 23 21 64 64
0279_0014_0029_0054_0054.jpg 1 14 29 54 54
0280_0030_0034_0048_0048.jpg 1 30 34 48 48
0281_0020_0068_0021_0021.jpg 1 20 68 21 21
0282_0025_0018_0058_0058.jpg 1 25 18 58 58
0283_0011_0030_0058_0058.jpg 1 11 30 58 58
0284_0033_0039_0054_0054.jpg 1 33 39 54 54
0285_0017_0034_0042_0042.jpg 1 17 34 42 42
0286_0018_0037_0048_0048.jpg 1 18 37 48 48
0287_0022_0031_0020_0020.jpg 1 22 31 20 20
0288_0022_0010_0043_0043.jpg 1 22 10 43 43
0289_0024_0046_0046_0046.jpg 1 24 46 46 46
0290_0024_0027_0058_0058.jpg 1 24 27 58 58
0291_0010_0017_0037_0037.jpg 1 10 17 37 37
0292_0004_0006_0064_0064.jpg 1 4 6 64 64
0293_0026_0013_0054_0054.jpg 1 26 13 54 54
0294_0023_0016_0051_0051.jpg 1 23 16 51 51
0295_0029_0035_0018_0018.jpg 1 29 35 18 18
0296_0022_0011_0066_0066.jpg 1 22 11 66 66
0297_0041_0022_0024_0024.jpg 1 41 22 24 24
0298_0031_0031_0044_0044.jpg 1 31 31 44 44
0299_0032_0024_0032_0032.jpg 1 32 24 32 32
0300_0029_0026_0012_0012.jpg 1 29 26 12 12
0301_0006_0003_0069_0069.jpg 1 6 3 69 69
0302_0072_0061_0010_0010.jpg 1 72 61 10 10
0303_0020_0028_0029_0029.jpg 1 20 28 29 29
0304_0008_0024_0043_0043.jpg 1 8 24 43 43
0305_0025_0018_0068_0068.jpg 1 25 18 68 68
0306_0026_0032_0046_0046.jpg 1 26 32 46 46
0307_0056_0044_0032_0032.jpg 1 56 44 32 32
0308_0033_0024_0021_0021.jpg 1 33 24 21 21
0309_0014_0051_0035_0035.jpg 1 14 51 35 35
0310_0058_0022_0027_0027.jpg 1 58 22 27 27
0311_0072_0041_0013_0013.jpg 1 72 41 13 13
0312_0033_0009_0035_0035.jpg 1 33 9 35 35
0313_0013_0024_0061_0061.jpg 1 13 24 61 61
0314_0005_0012_0057_0057.jpg 1 5 12 57 57
0315_0030_0017_0034_0034.jpg 1 30 17 34 34
0316_0033_0008_0060_0060.jpg 1 33 8 60 60
0317_0020_0018_0064_0064.jpg 1 20 18 64 64
0318_0042_0074_0012_0012.jpg 1 42 74 12 12
0319_0009_0045_0043_0043.jpg 1 9 45 43 43
0320_0055_0068_0016_0016.jpg 1 55 68 16 16
0321_0019_0032_0055_0055.jpg 1 19 32 55 55
0322_0053_0039_0039_0039.jpg 1 53 39 39 39
0323_0012_0019_0048_0048.jpg 1 12 19 48 48
0324_0049_0016_0018_0018.jpg 1 49 16 18 18
0325_0030_0033_0061_0061.jpg 1 30 33 61 61
0326_0055_0042_0035_0035.jpg 1 55 42 35 35
0327_0037_0043_0036_0036.jpg 1 37 43 36 36
0328_0021_0030_0056_0056.jpg 1 21 30 56 56
0329_0015_0035_0055_0055.jpg 1 15 35 55 55
0330_0060_0058_0011_0011.jpg 1 60 58 11 11
0331_0021_0030_0025_0025.jpg 1 21 30 25 25
0332_0045_0018_0049_0049.jpg 1 45 18 49 49
0333_0034_0010_0024_0024.jpg 1 34 10 24 24
0334_0026_0007_0059_0059.jpg 1 26 7 59 59
0335_0020_0033_0027_0027.jpg 1 20 33 27 27
0336_0017_0024_0050_0050.jpg 1 17 24 50 50
0337_0007_0008_0067_0067.jpg 1 7 8 67 67
0338_0008_0026_0058_0058.jpg 1 8 26 58 58
0339_0063_0027_0029_0029.jpg 1 63 27 29 29
0340_0031_0034_0059_0059.jpg 1 31 34 59 59
0341_0029_0019_0062_0062.jpg 1 29 19 62 62
0342_0056_0029_0012_0012.jpg 1 56 29 12 12
0343_0035_0024_0028_0028.jpg 1 35 24 28 28
0344_0026_0010_0060_0060.jpg 1 26 10 60 60
0345_0027_0012_0058_0058.jpg 1 27 12 58 58
0346_0016_0036_0028_0028.jpg 1 16 36 28 28
0347_0009_0020_0038_0038.jpg 1 9 20 38 38
0348_0028_0069_0019_0019.jpg 1 28 69 19 19
0349_0052_0070_0012_0012.jpg 1 52 70 12 12
0350_0009_0068_0019_0019.jpg 1 9 68 19 19
0351_0048_0015_0012_0012.jpg 1 48 15 12 12
0352_0066_0065_0025_0025.jpg 1 66 65 25 25
0353_0034_0006_0037_0037.jpg 1 34 6 37 37
0354_0039_0054_0036_0036.jpg 1 39 54 36 36
0355_0063_0023_0012_0012.jpg 1 63 23 12 12
0356_0056_0065_0011_0011.jpg 1 56 65 11 11
0357_0009_0022_0011_0011.jpg 1 9 22 11 11
0358_0023_0073_0013_0013.jpg 1 23 73 13 13
0359_0044_0031_0026_0026.jpg 1 44 31 26 26
0360_0018_0066_0011_0011.jpg 1 18 66 11 11
0361_0049_0050_0027_0027.jpg 1 49 50 27 27
0362_0015_0032_0059_0059.jpg 1 15 32 59 59
0363_0019_0036_0013_0013.jpg 1 19 36 13 13
0364_0014_0011_0012_0012.jpg 1 14 11 12 12
0365_0060_0068_0020_0020.jpg 1 60 68 20 20
0366_0071_0055_0013_0013.jpg 1 71 55 13 13
0367_0019_0005_0053_0053.jpg 1 19 5 53 53
0368_0023_0015_0048_0048.jpg 1 23 15 48 48
0369_0052_0012_0029_0029.jpg 1 52 12 29 29
0370_0039_0021_0050_0050.jpg 1 39 21 50 50
0371_0023_0035_0011_0011.jpg 1 23 35 11 11
0372_0013_0029_0063_0063.jpg 1 13 29 63 63
0373_0045_0035_0015_0015.jpg 1 45 35 15 15
0374_0045_0015_0023_0023.jpg 1 45 15 23 23
0375_0044_0016_0046_0046.jpg 1 44 16 46 46
0376_0030_0014_0058_0058.jpg 1 30 14 58 58
0377_0046_0051_0039_0039.jpg 1 46 51 39 39
0378_0050_0052_0013_0013.jpg 1 50 52 13 13
0379_0017_0055_0030_0030.jpg 1 17 55 30 30
0380_0019_0008_0045_0045.jpg 1 19 8 45 45
0381_0024_0020_0011_0011.jpg 1 24 20 11 11
0382_0055_0042_0033_0033.jpg 1 55 42 33 33
0383_0049_0060_0024_0024.jpg 1 49 60 24 24
0384_0062_0061_0025_0025.jpg 1 62 61 25 25
0385_0043_0079_0011_0011.jpg 1 43 79 11 11
0386_0027_0012_0050_0050.jpg 1 27 12 50 50
0387_0018_0028_0028_0028.jpg 1 18 28 28 28
0388_0044_0027_0013_0013.jpg 1 44 27 13 13
0389_0014_0026_0065_0065.jpg 1 14 26 65 65
0390_0059_0059_0010_0010.jpg 1 59 59 10 10
0391_0051_0015_0010_0010.jpg 1 51 15 10 10
0392_0020_0013_0067_0067.jpg 1 20 13 67 67
0393_0040_0037_0047_0047.jpg 1 40 37 47 47
0394_0016_0027_0038_0038.jpg 1 16 27 38 38
0395_0033_0008_0058_0058.jpg 1 33 8 58 58
0396_0037_0030_0049_0049.jpg 1 37 30 49 49
0397_0031_0050_0035_0035.jpg 1 31 50 35 35
0398_0008_0028_0068_0068.jpg 1 8 28 68 68
0399_0006_0020_0050_0050.jpg 1 6 20 50 50
0400_0015_0022_0068_0068.jpg 1 15 22 68 68
0401_0017_0023_0033_0033.jpg 1 17 23 33 33
0402_0034_0008_0027_0027.jpg 1 34 8 27 27
0403_0035_0053_0021_0021.jpg 1 35 53 21 21
0404_0023_0032_0029_0029.jpg 1 23 32 29 29
0405_0046_0007_0027_0027.jpg 1 46 7 27 27
0406_0012_0009_0069_0069.jpg 1 12 9 69 69
0407_0039_0025_0036_0036.jpg 1 39 25 36 36
0408_0015_0031_0056_0056.jpg 1 15 31 56 56
0409_0027_0009_0052_0052.jpg 1 27 9 52 52
0410_0045_0021_0042_0042.jpg 1 45 21 42 42
0411_0029_0028_0031_0031.jpg 1 29 28 31 31
0412_0040_0012_0054_0054.jpg 1 40 12 54 54
0413_0032_0042_0048_0048.jpg 1 32 42 48 48
0414_0014_0030_0045_0045.jpg 1 14 30 45 45
0415_0009_0047_0042_0042.jpg 1 9 47 42 42
0416_0047_0059_0019_0019.jpg 1 47 59 19 19
0417_0045_0047_0033_0033.jpg 1 45 47 33 33
0418_0043_0021_0050_0050.jpg 1 43 21 50 50
0419_0013_0021_0058_0058.jpg 1 13 21 58 58
0420_0010_0017_0014_0014.jpg 1 10 17 14 14
0421_0045_0039_0040_0040.jpg 1 45 39 40 40
0422_0049_0045_0038_0038.jpg 1 49 45 38 38
0423_0049_0073_0013_0013.jpg 1 49 73 13 13
0424_0015_0040_0040_0040.jpg 1 15 40 40 40
0425_0055_0021_0035_0035.jpg 1 55 21 35 35
0426_0012_0012_0067_0067.jpg 1 12 12 67 67
0427_0035_0009_0037_0037.jpg 1 35 9 37 37
0428_0021_0044_0033_0033.jpg 1 21 44 33 33
0429_0039_0025_0029_0029.jpg 1 39 25 29 29
0430_0029_0008_0038_0038.jpg 1 29 8 38 38
0431_0014_0031_0027_0027.jpg 1 14 31 27 27
0432_0015_0012_0053_0053.jpg 1 15 12 53 53
0433_0024_0034_0044_0044.jpg 1 24 34 44 44
0434_0035_0009_0036_0036.jpg 1 35 9 36 36
0435_0051_0046_0039_0039.jpg 1 51 46 39 39
0436_0037_0009_0033_0033.jpg 1 37 9 33 33
0437_0055_0050_0018_0018.jpg 1 55 50 18 18
0438_0047_0052_0015_0015.jpg 1 47 52 15 15
0439_0034_0043_0043_0043.jpg 1 34 43 43 43
0440_0013_0047_0040_0040.jpg 1 13 47 40 40
0441_0050_0055_0018_0018.jpg 1 50 55 18 18
0442_0057_0025_0023_0023.jpg 1 57 25 23 23
0443_0009_0017_0059_0059.jpg 1 9 17 59 59
0444_0021_0029_0038_0038.jpg 1 21 29 38 38
0445_0012_0031_0030_0030.jpg 1 12 31 30 30
0446_0022_0032_0033_0033.jpg 1 22 32 33 33
0447_0042_0039_0040_0040.jpg 1 42 39 40 40
0448_0044_0009_0032_0032.jpg 1 44 9 32 32
0449_0020_0030_0012_0012.jpg 1 20 30 12 12
0450_0046_0045_0031_0031.jpg 1 46 45 31 31
0451_0029_0015_0065_0065.jpg 1 29 15 65 65
0452_0052_0023_0012_0012.jpg 1 52 23 12 12
0453_0022_0025_0053_0053.jpg 1 22 25 53 53
0454_0032_0013_0046_0046.jpg 1 32 13 46 46
0455_0073_0058_0010_0010.jpg 1 73 58 10 10
0456_0009_0022_0034_0034.jpg 1 9 22 34 34
0457_0013_0032_0040_0040.jpg 1 13 32 40 40
0458_0012_0031_0046_0046.jpg 1 12 31 46 46
0459_0005_0021_0062_0062.jpg 1 5 21 62 62
0460_0039_0042_0039_0039.jpg 1 39 42 39 39
0461_0044_0014_0030_0030.jpg 1 44 14 30 30
0462_0055_0010_0023_0023.jpg 1 55 10 23 23
0463_0024_0013_0053_0053.jpg 1 24 13 53 53
0464_0022_0005_0061_0061.jpg 1 22 5 61 61
0465_0053_0049_0021_0021.jpg 1 53 49 21 21
0466_0024_0040_0034_0034.jpg 1 24 40 34 34
0467_0031_0016_0060_0060.jpg 1 31 16 60 60
0468_0016_0068_0010_0010.jpg 1 16 68 10 10
0469_0062_0051_0014_0014.jpg 1 62 51 14 14
0470_0048_0020_0019_0019.jpg 1 48 20 19 19
0471_0018_0021_0052_0052.jpg 1 18 21 52 52
0472_0015_0030_0017_0017.jpg 1 15 30 17 17
0473_0023_0047_0030_0030.jpg 1 23 47 30 30
0474_0044_0043_0029_0029.jpg 1 44 43 29 29
0475_0055_0072_0016_0016.jpg 1 55 72 16 16
0476_0018_0027_0048_0048.jpg 1 18 27 48 48
0477_0019_0021_0053_0053.jpg 1 19 21 53 53
0478_0029_0057_0022_0022.jpg 1 29 57 22 22
0479_0059_0049_0027_0027.jpg 1 59 49 27 27
0480_0020_0035_0018_0018.jpg 1 20 35 18 18
0481_0037_0057_0030_0030.jpg 1 37 57 30 30
0482_0014_0024_0067_0067.jpg 1 14 24 67 67
0483_0028_0037_0041_0041.jpg 1 28 37 41 41
0484_0026_0049_0022_0022.jpg 1 26 49 22 22
0485_0042_0038_0048_0048.jpg 1 42 38 48 48
0486_0031_0031_0045_0045.jpg 1 31 31 45 45
0487_0070_0048_0020_0020.jpg 1 70 48 20 20
0488_0010_0029_0066_0066.jpg 1 10 29 66 66
0489_0014_0007_0062_0062.jpg 1 14 7 62 62
0490_0008_0010_0048_0048.jpg 1 8 10 48 48
0491_0023_0022_0020_0020.jpg 1 23 22 20 20
